,Unnamed: 0,site_id,species_a,phenophase_a,species_b,phenophase_b,number_of_observations,kendall_tau,p_value
2,2,8182,3,371,3,467,14,0.3333333333333332,0.1077923436917375
3,3,8182,3,371,3,483,14,0.3295667340763291,0.1091873405197524
4,4,8182,3,371,3,500,14,0.2057176443971224,0.3193915312996195
5,5,8182,3,371,28,371,14,0.2057176443971224,0.3193915312996195
6,6,8182,3,371,28,467,14,0.0,1.0
7,7,8182,3,371,28,483,14,0.0795505909839415,0.6990116176970267
8,8,8182,3,371,93,371,14,0.057471264367816,0.7817867780120962
9,9,8182,3,371,93,483,14,0.0919540229885057,0.6576311337593779
10,10,8182,3,371,102,371,14,0.2971477085736214,0.150364152280035
11,11,8182,3,371,102,467,14,0.0115608867817727,0.9557108747373928
12,12,8182,3,371,102,483,14,0.1271697545995001,0.5412631711635787
13,13,8182,3,371,1172,371,14,0.3977529549197075,0.0532023157803813
14,14,8182,3,371,1172,467,14,0.4114352887942449,0.0464349408310933
15,15,8182,3,371,1172,483,14,0.1371450962647483,0.5068144633792976
16,16,8182,3,371,1172,500,14,-0.0795505909839415,0.6990116176970267
17,17,8182,3,371,1172,501,14,-0.1142875802206235,0.5801458470552849
18,18,8182,3,371,1174,371,14,0.1910594833000931,0.3491227657896043
19,19,8182,3,371,1174,467,14,-0.0114942528735632,0.95577596270676
20,20,8182,3,371,1174,483,14,0.0226021167873603,0.91216186668997
21,21,8182,3,467,3,483,14,0.9887002022289872,1.5058001962883068e-06
22,22,8182,3,467,3,500,14,-0.0914300641764988,0.6577733771033141
23,23,8182,3,467,28,371,14,-0.160002612308873,0.438202872083118
24,24,8182,3,467,28,467,14,-0.1828601283529977,0.3756289144290032
25,25,8182,3,467,28,483,14,-0.2159230326706984,0.2934601728923938
26,26,8182,3,467,93,371,14,0.2413793103448275,0.2441989882474483
27,27,8182,3,467,93,483,14,-0.0804597701149425,0.6978790233120764
28,28,8182,3,467,102,371,14,0.5142941109928062,0.0127092012460418
29,29,8182,3,467,102,467,14,0.0462435471270909,0.8240219679984069
30,30,8182,3,467,102,483,14,0.1618524149448183,0.4363847982778832
31,31,8182,3,467,1172,371,14,0.1704655521084461,0.4068835237753907
32,32,8182,3,467,1172,467,14,0.0914300641764988,0.6577733771033141
33,33,8182,3,467,1172,483,14,0.2057176443971224,0.3188974157034885
34,34,8182,3,467,1172,500,14,0.4432104354819598,0.0310512683870737
35,35,8182,3,467,1172,501,14,0.320005224617746,0.1210304228365105
36,36,8182,3,467,1174,371,14,0.4832681048178826,0.0177560329856441
37,37,8182,3,467,1174,467,14,0.2988505747126436,0.1489340779996822
38,38,8182,3,467,1174,483,14,0.067806350362081,0.7404387508754193
39,39,8182,3,471,28,471,13,-0.1437939210444005,0.4997750760935106
40,40,8182,3,471,28,498,13,-0.3157894736842104,0.1401874095673362
41,41,8182,3,471,93,498,13,0.4313817631332017,0.0429155369136774
42,42,8182,3,471,102,471,13,0.0,1.0
43,43,8182,3,471,102,498,13,-0.0392165239212001,0.8539755794678501
44,44,8182,3,471,1172,471,13,-0.2781517949836591,0.1959803605406652
45,45,8182,3,471,1172,498,13,-0.0263157894736842,0.902166918005222
46,46,8182,3,471,1172,516,13,-0.1456985592771547,0.497651304926998
47,47,8182,3,471,1174,471,13,-0.1960826196060007,0.3574466229929747
48,48,8182,3,471,1174,498,13,0.1052631578947368,0.6229329717637246
49,49,8182,3,483,3,500,14,-0.0677976922058353,0.7407009735671077
50,50,8182,3,483,28,371,14,-0.1807938458822274,0.3775241848053885
51,51,8182,3,483,28,467,14,-0.2033930766175059,0.3208192981371364
52,52,8182,3,483,28,483,14,-0.2359550561797753,0.2474688749137965
53,53,8182,3,483,93,371,14,0.2386517729518245,0.246063028491799
54,54,8182,3,483,93,483,14,-0.1022793312650676,0.6190988706143206
55,55,8182,3,483,102,371,14,0.4971830761761255,0.015233283457063
56,56,8182,3,483,102,467,14,0.0457210043963405,0.8247014387947382
57,57,8182,3,483,102,483,14,0.1600235153871918,0.4381874390102525
58,58,8182,3,483,1172,371,14,0.1460674157303371,0.4740281384100409
59,59,8182,3,483,1172,467,14,0.0903969229411137,0.6590438742029041
60,60,8182,3,483,1172,483,14,0.2259923073527843,0.2699906635295748
61,61,8182,3,483,1172,500,14,0.4606741573033708,0.0239477828718304
62,62,8182,3,483,1172,501,14,0.2937899995586197,0.1515696162013311
63,63,8182,3,483,1174,371,14,0.4778072729642601,0.0182199720817427
64,64,8182,3,483,1174,467,14,0.3068379937952029,0.1354626462381041
65,65,8182,3,483,1174,483,14,0.0446934348769327,0.8258996882746974
66,66,8182,3,500,28,371,14,0.0568181818181818,0.7824117152842756
67,67,8182,3,500,28,467,14,0.1818181818181818,0.3768214132367693
68,68,8182,3,500,28,483,14,0.2033930766175059,0.3208192981371364
69,69,8182,3,500,93,371,14,0.0,1.0
70,70,8182,3,500,93,483,14,0.1828601283529977,0.3761163374592893
71,71,8182,3,500,102,371,14,0.0795454545454545,0.6990164169010809
72,72,8182,3,500,102,467,14,-0.0804650857275479,0.6978741695512368
73,73,8182,3,500,102,483,14,-0.1954152081954737,0.3458081323901034
74,74,8182,3,500,1172,371,14,0.0677976922058353,0.7407009735671077
75,75,8182,3,500,1172,467,14,0.3295454545454545,0.1091932800788825
76,76,8182,3,500,1172,483,14,0.1931818181818181,0.3477288961279446
77,77,8182,3,500,1172,500,14,0.0903969229411137,0.6590438742029041
78,78,8182,3,500,1172,501,14,-0.1704545454545454,0.4073689473344244
79,79,8182,3,500,1174,371,14,-0.0446990156267674,0.8258939952297807
80,80,8182,3,500,1174,467,14,-0.0571437901103118,0.7818811603506716
81,81,8182,3,500,1174,483,14,-0.0561833218719368,0.7830348406646186
82,82,8182,28,371,28,467,14,0.5340909090909091,0.0094297188154339
83,83,8182,28,371,28,483,14,0.6101792298525177,0.0028982663514623
84,84,8182,28,371,93,371,14,0.1371450962647483,0.5068144633792976
85,85,8182,28,371,93,483,14,0.4571503208824944,0.0269192474938744
86,86,8182,28,371,102,371,14,-0.125,0.5434590602957203
87,87,8182,28,371,102,467,14,0.2184052326890588,0.2920371403382973
88,88,8182,28,371,102,483,14,0.1494351592083034,0.4709541489975748
89,89,8182,28,371,1172,371,14,0.1807938458822274,0.3775241848053885
90,90,8182,28,371,1172,467,14,0.1022727272727272,0.6191047470377367
91,91,8182,28,371,1172,483,14,-0.034090909090909,0.8683879166628317
92,92,8182,28,371,1172,500,14,-0.0677976922058353,0.7407009735671077
93,93,8182,28,371,1172,501,14,-0.034090909090909,0.8683879166628317
94,94,8182,28,371,1174,371,14,0.2681940937606045,0.1868937748991508
95,95,8182,28,371,1174,467,14,-0.0457150320882494,0.8247072496113743
96,96,8182,28,371,1174,483,14,0.123603308118261,0.54464369385462
97,97,8182,28,467,28,483,14,0.8813699986758589,1.6924205289078887e-05
98,98,8182,28,467,93,371,14,0.2057176443971224,0.3193915312996195
99,99,8182,28,467,93,483,14,0.320005224617746,0.1214103903312853
100,100,8182,28,467,102,371,14,-0.034090909090909,0.8683879166628317
101,101,8182,28,467,102,467,14,0.1264451347147183,0.5418515134265364
102,102,8182,28,467,102,483,14,0.1034551102211331,0.6177063848725499
103,103,8182,28,467,1172,371,14,0.3389884610291765,0.0980003686730401
104,104,8182,28,467,1172,467,14,0.375,0.0683379765977267
105,105,8182,28,467,1172,483,14,0.3068181818181817,0.1358673560080208
106,106,8182,28,467,1172,500,14,-0.1355953844116706,0.5080670800133593
107,107,8182,28,467,1172,501,14,-0.1022727272727272,0.6191047470377367
108,108,8182,28,467,1174,371,14,-0.0223495078133837,0.9124210043205884
109,109,8182,28,467,1174,467,14,0.2514326764853719,0.2231400227550729
110,110,8182,28,467,1174,483,14,0.3258632668572336,0.1102379630588804
111,111,8182,28,471,28,498,13,0.4575261124140017,0.0317749803468738
112,112,8182,28,471,93,498,13,-0.1558441558441558,0.4624434854344342
113,113,8182,28,471,102,471,13,0.2451663926939418,0.245506842710017
114,114,8182,28,471,102,498,13,0.0259740259740259,0.9025255815925958
115,115,8182,28,471,1172,471,13,0.3026577796814937,0.157460140404854
116,116,8182,28,471,1172,498,13,0.1960826196060007,0.3574466229929747
117,117,8182,28,471,1172,516,13,0.105272271193563,0.6224860034116182
118,118,8182,28,471,1174,471,13,0.3376623376623376,0.1113554838914971
119,119,8182,28,471,1174,498,13,0.0915052224828003,0.6675986927538994
120,120,8182,28,483,93,371,14,0.1931942923895722,0.3477208141890457
121,121,8182,28,483,93,483,14,0.3295667340763291,0.1091873405197524
122,122,8182,28,483,102,371,14,-0.0451984614705568,0.8253908099208292
123,123,8182,28,483,102,467,14,0.1371630131890216,0.5063661631392808
124,124,8182,28,483,102,483,14,0.0685815065945108,0.7396980217166362
125,125,8182,28,483,1172,371,14,0.4157303370786517,0.0415822876912835
126,126,8182,28,483,1172,467,14,0.3615876917644549,0.0775747760071197
127,127,8182,28,483,1172,483,14,0.2485915380880627,0.2249798065318881
128,128,8182,28,483,1172,500,14,-0.2134831460674157,0.2953881793079203
129,129,8182,28,483,1172,501,14,-0.1807938458822274,0.3775241848053885
130,130,8182,28,483,1174,371,14,-0.0777825793197632,0.7007057781868087
131,131,8182,28,483,1174,467,14,0.1250080715461938,0.5430418121252826
132,132,8182,28,483,1174,483,14,0.2905073267000627,0.152785379885916
133,133,8182,28,498,93,498,13,0.1437939210444005,0.4997750760935106
134,134,8182,28,498,102,471,13,0.2597621667330655,0.2206713619198469
135,135,8182,28,498,102,498,13,0.0392165239212001,0.8539755794678501
136,136,8182,28,498,1172,471,13,0.092717264994553,0.6664468566028743
137,137,8182,28,498,1172,498,13,0.4736842105263156,0.0269224584570869
138,138,8182,28,498,1172,516,13,0.0,1.0
139,139,8182,28,498,1174,471,13,-0.0130721746404,0.9510809279915328
140,140,8182,28,498,1174,498,13,0.1052631578947368,0.6229329717637246
141,141,8182,93,371,93,483,14,0.4022988505747126,0.052508744760125
142,142,8182,93,371,102,371,14,0.5028653529707438,0.0149348328243508
143,143,8182,93,371,102,467,14,-0.0231217735635454,0.9115581061986772
144,144,8182,93,371,102,483,14,0.0924870942541819,0.6568301975068853
145,145,8182,93,371,1172,371,14,0.477303545903649,0.020344656964648
146,146,8182,93,371,1172,467,14,0.3771490147280578,0.0679306480402884
147,147,8182,93,371,1172,483,14,0.5142941109928062,0.0128004766603399
148,148,8182,93,371,1172,500,14,0.0681862208433784,0.7403283240506767
149,149,8182,93,371,1172,501,14,0.2514326764853719,0.223612689666845
150,150,8182,93,371,1174,371,14,0.415835346006085,0.0415686954327401
151,151,8182,93,371,1174,467,14,0.0229885057471264,0.9116876821520636
152,152,8182,93,371,1174,483,14,-0.0339031751810405,0.868575524712934
153,153,8182,93,483,102,371,14,0.1828601283529977,0.3761163374592893
154,154,8182,93,483,102,467,14,0.1965350752901365,0.3451061417553936
155,155,8182,93,483,102,483,14,0.1965350752901365,0.3451061417553936
156,156,8182,93,483,1172,371,14,0.465939175763086,0.0235314820387909
157,157,8182,93,483,1172,467,14,0.3885777727501202,0.060001339858198
158,158,8182,93,483,1172,483,14,0.2285751604412471,0.2685779181205753
159,159,8182,93,483,1172,500,14,0.0568218507028153,0.7824081594490038
160,160,8182,93,483,1172,501,14,0.1371450962647483,0.5068144633792976
161,161,8182,93,483,1174,371,14,0.2809698283824899,0.1685430786953573
162,162,8182,93,483,1174,467,14,-0.0114942528735632,0.95577596270676
163,163,8182,93,483,1174,483,14,0.2034190510862431,0.3208031210414663
164,164,8182,93,498,102,471,13,0.0387104830569381,0.8545090965027006
165,165,8182,93,498,102,498,13,0.1818181818181818,0.3912786653921221
166,166,8182,93,498,1172,471,13,-0.210544542387126,0.3254010285395519
167,167,8182,93,498,1172,498,13,0.3006600167292012,0.1582337584390066
168,168,8182,93,498,1172,516,13,-0.0131590338991953,0.950928153739296
169,169,8182,93,498,1174,471,13,-0.3116883116883116,0.1416542629231138
170,170,8182,93,498,1174,498,13,0.3790930645716014,0.0752178976542039
171,171,8182,102,371,102,467,14,-0.2184052326890588,0.2920371403382973
172,172,8182,102,371,102,483,14,-0.1034551102211331,0.6177063848725499
173,173,8182,102,371,1172,371,14,0.5536811530143216,0.0068808604756035
174,174,8182,102,371,1172,467,14,0.409090909090909,0.0467588264278091
175,175,8182,102,371,1172,483,14,0.5454545454545454,0.0080181568902596
176,176,8182,102,371,1172,500,14,0.2485915380880628,0.2249798065318881
177,177,8182,102,371,1172,501,14,0.3522727272727272,0.086841271080194
178,178,8182,102,371,1174,371,14,0.4916891718944416,0.0155342815979434
179,179,8182,102,371,1174,467,14,0.0114287580220623,0.9558407645543257
180,180,8182,102,371,1174,483,14,-0.1685499656158105,0.4087480101158321
181,181,8182,102,467,102,483,14,0.883720930232558,2.3233511616443258e-05
182,182,8182,102,467,1172,371,14,0.0,1.0
183,183,8182,102,467,1172,467,14,0.1954152081954737,0.3458081323901034
184,184,8182,102,467,1172,483,14,0.0574750612339628,0.781565275925063
185,185,8182,102,467,1172,500,14,0.1828840175853621,0.3756128267490692
186,186,8182,102,467,1172,501,14,-0.2643852816762291,0.2021369090358351
187,187,8182,102,467,1174,371,14,0.0452157844203352,0.8251990670918412
188,188,8182,102,467,1174,467,14,0.4161919241438186,0.0453519881067274
189,189,8182,102,467,1174,483,14,0.3978300313577762,0.0529483619526447
190,190,8182,102,471,102,498,13,0.5548502571494472,0.0085818334135456
191,191,8182,102,471,1172,471,13,0.588348405414552,0.005764983650937
192,192,8182,102,471,1172,498,13,0.1818335167131458,0.3912672792826394
193,193,8182,102,471,1172,516,13,0.0653720450460613,0.7587310596673087
194,194,8182,102,471,1174,471,13,0.4516223023309454,0.0324116955062126
195,195,8182,102,471,1174,498,13,0.2078097333864524,0.3271868777903057
196,196,8182,102,483,1172,371,14,0.0685815065945108,0.7396980217166362
197,197,8182,102,483,1172,467,14,0.2643852816762291,0.2021369090358351
198,198,8182,102,483,1172,483,14,0.1264451347147182,0.5418515134265364
199,199,8182,102,483,1172,500,14,0.2057445197835324,0.3188811089234905
200,200,8182,102,483,1172,501,14,-0.1724251837018885,0.405499616598857
201,201,8182,102,483,1174,371,14,0.1582552454711733,0.4395101404445546
202,202,8182,102,483,1174,467,14,0.439313697707364,0.0346382273288953
203,203,8182,102,483,1174,483,14,0.4205631760067919,0.0407629831211741
204,204,8182,102,498,1172,471,13,0.4210890847742521,0.0492017802853333
205,205,8182,102,498,1172,498,13,0.0130721746404,0.9510809279915328
206,206,8182,102,498,1172,516,13,0.210544542387126,0.3247910066826858
207,207,8182,102,498,1174,471,13,0.2077922077922077,0.327198505932868
208,208,8182,102,498,1174,498,13,0.2222269688868008,0.2969759637474312
209,209,8182,1172,371,1172,467,14,0.6101792298525177,0.0028982663514623
210,210,8182,1172,371,1172,483,14,0.519782306911404,0.0111777149862046
211,211,8182,1172,371,1172,500,14,-0.0786516853932584,0.6998622802875212
212,212,8182,1172,371,1172,501,14,0.0451984614705568,0.8253908099208292
213,213,8182,1172,371,1174,371,14,0.2333477379592898,0.2488678056710397
214,214,8182,1172,371,1174,467,14,0.0454574805622522,0.8249594622528376
215,215,8182,1172,371,1174,483,14,0.1452536633500313,0.4746826224784921
216,216,8182,1172,467,1172,483,14,0.6931818181818181,0.0007534135308855
217,217,8182,1172,467,1172,500,14,0.0,1.0
218,218,8182,1172,467,1172,501,14,-0.034090909090909,0.8683879166628317
219,219,8182,1172,467,1174,371,14,0.1787960625070696,0.3789228628692691
220,220,8182,1172,467,1174,467,14,0.285718950551559,0.1662537649604986
221,221,8182,1172,467,1174,483,14,0.2247332874877473,0.2706942611872927
222,222,8182,1172,471,1172,498,13,0.0662266178532521,0.7581749556483244
223,223,8182,1172,471,1172,516,13,-0.0266666666666666,0.9016848750020058
224,224,8182,1172,471,1174,471,13,0.802701067850918,0.0001773382188788
225,225,8182,1172,471,1174,498,13,0.2516611478423582,0.2420261400603623
226,226,8182,1172,483,1172,500,14,0.2711907688233412,0.1856024098184219
227,227,8182,1172,483,1172,501,14,0.125,0.5434590602957203
228,228,8182,1172,483,1174,371,14,0.379941632827523,0.0615184430831413
229,229,8182,1172,483,1174,467,14,0.3542914986839331,0.0860551974608863
230,230,8182,1172,483,1174,483,14,0.1123666437438736,0.5818170084030487
231,231,8182,1172,498,1172,516,13,-0.30464244212496,0.1561810147198931
232,232,8182,1172,498,1174,471,13,0.0653608732020002,0.7590358502894777
233,233,8182,1172,498,1174,498,13,0.4473684210526314,0.0366433384598118
234,234,8182,1172,500,1172,501,14,0.2259923073527843,0.2699906635295748
235,235,8182,1172,500,1174,371,14,0.3666893025074554,0.0699830804624811
236,236,8182,1172,500,1174,467,14,0.3750242146385814,0.0680525173225455
237,237,8182,1172,500,1174,483,14,0.1117335871923318,0.5823821979568502
238,238,8182,1172,501,1174,371,14,0.4246406484542904,0.0366428344855158
239,239,8182,1172,501,1174,467,14,0.1828601283529977,0.3756289144290032
240,240,8182,1172,501,1174,483,14,0.1460766368670358,0.4740207709412042
241,241,8182,1172,516,1174,471,13,-0.1315903389919537,0.5382822542342813
242,242,8182,1172,516,1174,498,13,-0.2516611478423582,0.2414304418697181
243,243,8182,1174,371,1174,467,14,0.0786715519470971,0.6995540720244979
244,244,8182,1174,371,1174,483,14,-0.0441995696087863,0.82640978682081
245,245,8182,1174,467,1174,483,14,0.7571709123765715,0.0002162730823756
246,246,8182,1174,471,1174,498,13,0.2483713181676009,0.2437603883535255
247,247,8182,1174,500,1174,501,13,0.8026315789473683,0.0001774024267571
