,species,observed,raw_expected,proportion,expected,chi_square_contribution
0,3.0,24,31,0.06031128404669261,18.575875486381324,1.5838352685346524
1,61.0,16,22,0.042801556420233464,13.182879377431906,0.6020057056491442
2,1172.0,14,18,0.03501945525291829,10.785992217898833,0.9577093896160039
3,98.0,14,21,0.04085603112840467,12.583657587548638,0.15941516330621397
4,102.0,13,22,0.042801556420233464,13.182879377431906,0.002536992544067164
5,60.0,13,22,0.042801556420233464,13.182879377431906,0.002536992544067164
6,93.0,13,21,0.04085603112840467,12.583657587548638,0.013775089094711127
7,970.0,13,16,0.0311284046692607,9.587548638132295,1.2145778589115168
8,12.0,13,22,0.042801556420233464,13.182879377431906,0.002536992544067164
9,81.0,13,23,0.04474708171206226,13.782101167315176,0.044382364378980944
10,82.0,13,24,0.04669260700389105,14.381322957198444,0.1326757710512575
11,823.0,13,20,0.038910505836575876,11.98443579766537,0.08605917428874627
12,1192.0,12,13,0.02529182879377432,7.78988326848249,2.275397753996976
13,1179.0,11,18,0.03501945525291829,10.785992217898833,0.004246186152800908
14,67.0,10,16,0.0311284046692607,9.587548638132295,0.01774344332710094
15,1187.0,10,18,0.03501945525291829,10.785992217898833,0.05727648918310408
16,1181.0,10,17,0.033073929961089495,10.186770428015564,0.0034243623165573027
17,1019.0,8,12,0.023346303501945526,7.190661478599222,0.09109437903212217
18,100.0,8,13,0.02529182879377432,7.78988326848249,0.005667484266706064
19,941.0,8,14,0.027237354085603113,8.38910505836576,0.01804754445110202
20,79.0,8,16,0.0311284046692607,9.587548638132295,0.26287331345697096
21,97.0,7,7,0.013618677042801557,4.19455252918288,1.8763707110010608
22,1174.0,6,7,0.013618677042801557,4.19455252918288,0.7771128260288903
23,74.0,5,12,0.023346303501945526,7.190661478599222,0.6673930803308237
24,7.0,5,18,0.03501945525291829,10.785992217898833,3.103813285719901
25,76.0,5,9,0.017509727626459144,5.392996108949417,0.02863824459155204
26,1159.0,3,12,0.023346303501945526,7.190661478599222,2.4422848552225984
27,1189.0,3,3,0.005836575875486381,1.7976653696498055,0.8041588761433119
28,1184.0,3,9,0.017509727626459144,5.392996108949417,1.0618272777805853
29,68.0,3,7,0.013618677042801557,4.19455252918288,0.34019260339438223
30,1199.0,3,3,0.005836575875486381,1.7976653696498055,0.8041588761433119
31,91.0,3,3,0.005836575875486381,1.7976653696498055,0.8041588761433119
32,1212.0,2,8,0.01556420233463035,4.793774319066148,1.6281899034817322
33,28.0,2,10,0.019455252918287938,5.992217898832685,2.6597503663651523
34,1177.0,1,7,0.013618677042801557,4.19455252918288,2.4329569818730463
