,site_id,species_a,phenophase_a,species_b,phenophase_b,number_of_observations,kendall_tau,p_value
9,8182,3,371,1172,467,14,0.41143528879424496,0.046434940831093376
21,8182,3,467,102,371,14,0.5142941109928062,0.012709201246041824
27,8182,3,467,1172,500,14,0.4432104354819598,0.031051268387073755
29,8182,3,467,1174,371,14,0.4832681048178826,0.017756032985644137
34,8182,3,471,93,498,13,0.4313817631332017,0.04291553691367748
47,8182,3,483,102,371,14,0.49718307617612556,0.015233283457063094
53,8182,3,483,1172,500,14,0.46067415730337086,0.023947782871830425
55,8182,3,483,1174,371,14,0.4778072729642601,0.018219972081742756
75,8182,28,371,93,483,14,0.4571503208824944,0.026919247493874445
113,8182,28,483,1172,371,14,0.41573033707865176,0.041582287691283575
125,8182,28,498,1172,498,13,0.47368421052631565,0.026922458457086934
129,8182,93,371,102,371,14,0.5028653529707438,0.014934832824350852
132,8182,93,371,1172,371,14,0.47730354590364904,0.020344656964648027
134,8182,93,371,1172,483,14,0.5142941109928062,0.012800476660339986
137,8182,93,371,1174,371,14,0.41583534600608507,0.04156869543274011
143,8182,93,483,1172,371,14,0.465939175763086,0.02353148203879098
158,8182,102,371,1172,371,14,0.5536811530143216,0.006880860475603542
159,8182,102,371,1172,467,14,0.40909090909090906,0.046758826427809104
160,8182,102,371,1172,483,14,0.5454545454545454,0.008018156890259621
163,8182,102,371,1174,371,14,0.49168917189444167,0.015534281597943412
172,8182,102,467,1174,467,14,0.4161919241438186,0.04535198810672746
174,8182,102,471,1172,471,13,0.588348405414552,0.005764983650937015
177,8182,102,471,1174,471,13,0.45162230233094547,0.032411695506212604
185,8182,102,483,1174,467,14,0.43931369770736406,0.03463822732889535
186,8182,102,483,1174,483,14,0.42056317600679194,0.040762983121174184
187,8182,102,498,1172,471,13,0.4210890847742521,0.04920178028533338
198,8182,1172,471,1174,471,13,0.802701067850918,0.00017733821887884574
204,8182,1172,498,1174,498,13,0.44736842105263147,0.03664333845981181
208,8182,1172,501,1174,371,14,0.42464064845429045,0.03664283448551583
213,8806,3,467,12,467,14,0.47458384544084714,0.02053226497860968
216,8806,3,467,81,467,14,0.47727272727272724,0.020346761230290757
219,8806,3,467,82,467,14,0.44068499933792943,0.03147510164187908
234,8806,3,483,12,483,15,0.4174954050920819,0.03248653132431887
237,8806,3,483,82,483,15,0.48781068189867755,0.012793312299196918
250,8806,12,467,81,467,14,0.6892765374259923,0.0007670850531177642
252,8806,12,467,82,371,14,0.50561797752809,0.013202663745196958
254,8806,12,467,823,371,14,0.4067861532350118,0.04708316818689263
255,8806,12,467,823,467,14,0.4357609900500941,0.031981418646188475
263,8806,12,471,82,471,13,0.5695489135379688,0.008102865934026565
274,8806,12,498,81,498,14,0.6628679652796168,0.0013196430619890956
279,8806,12,498,823,498,14,0.8323838482876372,6.26104290686615e-05
280,8806,12,498,1192,467,14,-0.4068381021724862,0.04685215105885544
281,8806,12,498,1192,498,14,0.5600091430810556,0.0066059928297404645
283,8806,61,467,81,498,14,-0.49718307617612556,0.015233283457063094
288,8806,61,467,823,498,14,-0.41148903956706484,0.04620457658528138
289,8806,61,467,1192,467,14,0.6480548057155245,0.0014253454469424823
294,8806,61,471,100,467,13,0.42108908477425205,0.04920178028533338
300,8806,61,483,1192,483,15,0.5784313725490197,0.0032446170979626033
308,8806,81,467,82,371,14,0.5762803837496,0.004910236094726327
311,8806,81,467,823,467,14,0.4719399037242694,0.02071841543125711
316,8806,81,471,82,471,13,0.5263157894736842,0.01395229903733664
327,8806,81,498,823,498,14,0.827640881769065,6.528965590078832e-05
329,8806,81,498,1192,498,14,0.5,0.014981015053201272
339,8806,82,467,823,467,14,0.5698412946808924,0.0050389548883497184
346,8806,82,483,823,483,15,0.6601941747572816,0.0007207225515890361
349,8806,100,467,1192,471,13,0.46753246753246747,0.02749005864816598
356,8806,823,498,1192,467,14,-0.42056317600679194,0.040762983121174184
357,8806,823,498,1192,498,14,0.6667107103139691,0.0012830744003310992
358,8836,3,483,81,483,13,0.44752340751875785,0.036388866200708546
359,8836,3,483,82,483,13,0.48323235975409745,0.025712512347666486
360,8836,3,483,823,483,13,0.42670459765013197,0.048089152053327595
368,8836,81,467,82,467,11,0.697277051246695,0.003004262239398284
371,8836,81,483,82,483,13,0.6667948594698255,0.001730853973167243
372,8836,81,483,823,483,13,0.4675719001195179,0.02748633611151033
373,8836,81,498,82,498,12,0.5151515151515151,0.020980351631393297
376,8836,82,483,823,483,13,0.43709567783146436,0.04189419319735502
378,8899,61,483,79,483,13,0.4935064935064934,0.019967430493196704
379,8899,61,483,1172,483,13,0.7058974305816028,0.0009234420576988412
380,8899,61,483,1174,483,13,0.802701067850918,0.00017402303407339884
381,8899,79,483,1172,483,13,0.6143922080988024,0.003933787308560796
382,8899,79,483,1174,483,13,0.631633627161378,0.0031370371316716953
383,8899,1172,483,1174,483,13,0.8212100613803269,0.00013209218449351115
384,8901,91,467,1199,467,12,0.6929348671835832,0.0022316179323638346
386,8901,91,483,97,483,13,0.5621035095372022,0.008339034705648554
389,8901,91,483,1189,483,13,0.44740715257264285,0.03663879015873022
391,8901,91,483,1199,483,13,0.7189696052220028,0.000740255910614899
398,8901,91,498,1189,498,13,0.516567619255367,0.016330215477267023
399,8901,91,498,1199,483,13,0.5960395606792696,0.005590082017095921
401,8901,97,471,1189,471,13,0.7248485396311461,0.0008331759151342273
409,8901,97,483,1199,483,13,0.5526315789473683,0.00983966141287192
412,8901,97,498,1189,483,13,-0.4503410014021148,0.036298098529284686
418,8901,1189,483,1199,483,13,0.4635863249727652,0.031150259175489713
421,8901,1189,498,1199,498,13,0.6578947368421051,0.002118393597486436
425,8902,3,467,12,483,12,0.5846845821518305,0.008842174154167423
427,8902,3,467,68,483,12,0.5539117094069973,0.013127109391570656
436,8902,3,483,68,483,12,0.7287040657115997,0.0011718251821904908
438,8902,3,483,102,467,12,0.5038314736557788,0.02331499638254381
439,8902,3,483,102,483,12,0.4923076923076924,0.027479806211379045
442,8902,3,483,1187,483,12,0.4923076923076924,0.027479806211379045
462,8902,68,483,102,467,12,0.5231388366621641,0.019154644780425875
463,8902,68,483,102,483,12,0.5116432801804849,0.02267532111097109
465,8902,68,483,1187,467,12,0.6356780147696934,0.004635742977042638
466,8902,68,483,1187,483,12,0.5736606474750892,0.010616134170032876
477,8902,102,467,1187,483,12,0.442760992000533,0.046229060552390726
483,8903,12,483,79,483,12,0.546875,0.015410657052077996
484,8903,12,483,100,483,12,0.453125,0.044719640485990024
485,8903,79,483,100,483,12,0.703125,0.0018410212585438996
489,8904,28,467,1172,467,13,0.7785410240482681,0.0003261078686802942
490,8904,28,467,1172,483,13,0.5540540540540541,0.010929010510183905
491,8904,28,471,93,471,11,0.7222222222222222,0.0022540189597224933
496,8904,28,498,1172,498,11,0.6481481481481481,0.006120429883206166
510,9338,3,371,823,371,13,0.6143922080988025,0.003933787308560796
511,9338,3,467,81,467,12,0.442760992000533,0.046229060552390726
512,9338,3,467,98,371,12,0.5757575757575757,0.008757732750788306
514,9338,3,467,823,467,12,0.5649019553110248,0.010985158972948496
517,9338,3,471,76,498,12,0.6201736729460423,0.005740346285995826
519,9338,3,471,98,471,12,0.6153846153846154,0.005855018597125238
521,9338,3,471,970,498,12,0.5625686771261945,0.0125645741505303
523,9338,3,471,1192,471,12,0.46153846153846156,0.03874884361564192
524,9338,3,471,1192,498,12,0.5116432801804849,0.02267532111097109
527,9338,3,483,81,483,14,0.6179775280898877,0.0024538198087407257
529,9338,3,483,823,483,14,0.6778196197865085,0.0008095994510415193
536,9338,3,498,98,471,12,0.8438530156892918,0.00018124548247543053
537,9338,3,498,941,498,12,0.5354496700964052,0.018145060732712204
538,9338,3,498,970,498,12,0.5555555555555555,0.014618596349060127
541,9338,3,498,1192,498,12,0.7244319066010189,0.0013909657945450637
542,9338,60,483,76,483,14,0.6437206858203839,0.0018993600280759796
543,9338,60,483,81,483,14,0.4067861532350118,0.04708316818689263
547,9338,60,483,970,483,14,0.5142941109928062,0.012709201246041824
549,9338,60,483,1192,483,14,0.5942954171472428,0.003983930578010939
556,9338,76,483,1192,483,14,0.5433616787433188,0.008977591000740586
560,9338,76,498,970,498,12,0.551198189805123,0.01501014649545201
561,9338,76,498,1187,498,12,0.44962591288588066,0.04521642153402682
569,9338,81,471,98,471,12,0.4923076923076924,0.027479806211379045
576,9338,81,483,823,483,14,0.4778072729642601,0.018219972081742756
581,9338,98,371,823,467,12,0.5038314736557788,0.02331499638254381
587,9338,98,471,941,498,12,0.542651963827787,0.015650137723377103
588,9338,98,471,970,498,12,0.5000610463343952,0.026516783317790414
591,9338,98,471,1192,498,12,0.8527388003008082,0.00014580838327714473
593,9338,98,483,941,483,14,0.6966292134831461,0.0006390269269145962
594,9338,98,483,970,483,14,0.6591334681526582,0.001341380605879636
595,9338,98,483,1187,483,14,0.6033613708385918,0.0029827957416864725
603,9338,941,371,970,467,12,0.6407032156159438,0.004475730906125157
604,9338,941,467,1187,467,11,0.7592592592592592,0.0013218707803182444
605,9338,941,483,970,483,14,0.5568541368875906,0.006741680262462365
606,9338,941,483,1187,483,14,0.860348621380955,2.2927009396279727e-05
607,9338,941,483,1192,483,14,0.4204816952008337,0.04077312993572517
611,9338,941,498,1192,498,12,0.578125,0.010436684530286226
613,9338,970,483,1187,483,14,0.5198486861092879,0.011093016957489116
614,9338,970,483,1192,483,14,0.4137931034482758,0.045670632060713104
617,9338,970,498,1192,498,12,0.5354496700964052,0.018145060732712204
619,9338,1187,498,1192,471,12,0.7692307692307693,0.0005716084710595353
621,9339,3,467,60,467,13,0.4933333333333333,0.022461979628479817
623,9339,3,467,823,467,13,0.4266666666666666,0.04837916875783806
627,9339,3,471,61,471,12,0.5038314736557788,0.02331499638254381
628,9339,3,471,61,498,12,0.7786486411043856,0.00045583384693797136
633,9339,3,471,823,471,12,0.5343667144834019,0.016141430453050772
634,9339,3,471,1172,471,12,0.4615930911724977,0.03874183846329154
636,9339,3,471,1181,471,12,0.5649019553110248,0.010985158972948496
637,9339,3,471,1184,471,12,0.5649019553110248,0.010985158972948496
638,9339,3,483,60,483,14,0.5142941109928062,0.012800476660339986
642,9339,3,483,823,483,14,0.45715032088249435,0.026919247493874445
646,9339,3,498,61,471,12,0.5116432801804849,0.02267532111097109
647,9339,3,498,61,498,12,0.8682431421244593,0.00011011095727481463
655,9339,3,498,1181,471,12,0.6356780147696934,0.004635742977042638
656,9339,3,498,1184,471,12,0.4806345965331828,0.032294337726940396
658,9339,60,467,823,467,13,0.4933333333333333,0.022461979628479817
661,9339,60,471,61,498,12,0.4531803232405456,0.04437105014537093
665,9339,60,471,98,498,12,0.6875839387097933,0.0022844715356567505
669,9339,60,471,1181,471,12,0.5000610463343951,0.026516783317790414
674,9339,60,483,823,483,14,0.47727272727272724,0.020346761230290757
678,9339,60,498,82,471,12,0.7131997238879487,0.0014901532666585443
679,9339,60,498,82,498,12,0.7442084075352507,0.0009173919133463979
681,9339,60,498,98,498,12,0.5384615384615385,0.015894976127587095
685,9339,60,498,1181,471,12,0.5538461538461539,0.013130393607248955
698,9339,61,483,823,483,14,0.6782057225607617,0.001068267745888245
707,9339,61,498,1181,471,12,0.5846153846153846,0.008844614017178907
709,9339,82,467,823,467,13,0.5637710863797804,0.00935042530160737
712,9339,82,471,98,498,12,0.49613893835683387,0.027118716544582568
716,9339,82,471,1181,471,12,0.5736606474750892,0.010616134170032876
721,9339,82,498,93,471,12,0.5116432801804849,0.02267532111097109
722,9339,82,498,98,498,12,0.6511823565933444,0.0037272392778565
728,9339,93,471,98,498,12,0.4923076923076924,0.027479806211379045
735,9339,93,483,1184,483,14,0.48279051436528797,0.019851107741229744
736,9339,93,498,823,498,11,0.587180674734059,0.01246215829454031
741,9339,98,498,1181,471,12,0.5846153846153846,0.008844614017178907
744,9339,823,471,1172,471,12,0.5116432801804849,0.02267532111097109
751,9339,1172,471,1184,471,12,0.5736606474750892,0.010616134170032876
760,9340,3,483,102,483,15,0.6169230579301932,0.0018897717591348153
762,9340,102,467,1187,467,12,0.546875,0.015410657052077996
763,9340,102,483,1212,483,15,0.42369158961064607,0.03171730651664823
769,9341,3,371,67,371,12,0.4806345965331828,0.032294337726940396
773,9341,3,467,60,467,13,0.8079647378096765,0.00017257143004933712
775,9341,3,467,61,467,13,0.9999999999999998,2.9954815934341095e-06
776,9341,3,467,67,467,13,0.47683164854341564,0.02645065232329987
783,9341,3,467,1179,467,13,0.4575261124140018,0.03177498034687382
788,9341,3,483,12,483,14,0.42699324622671997,0.036368458823964694
789,9341,3,483,60,483,14,0.6477272727272727,0.0016415349519749366
790,9341,3,483,61,483,14,0.8068181818181818,8.791878910231842e-05
795,9341,3,483,102,483,14,0.5084826915437648,0.013066959493722365
797,9341,3,483,1179,483,14,0.5536811530143216,0.006880860475603542
799,9341,7,371,12,371,12,0.8308675641104959,0.0001988655780316168
801,9341,7,471,12,498,12,-0.44962591288588066,0.04521642153402682
811,9341,7,483,12,483,14,0.41813916056616635,0.04127332317951904
816,9341,7,483,81,483,14,0.43678160919540227,0.035279648518911605
821,9341,7,483,1181,483,14,0.46857907890455675,0.023328965998765747
828,9341,7,498,81,471,12,0.5038314736557788,0.02331499638254381
844,9341,12,483,67,483,14,0.5910617608744103,0.004035606668433084
851,9341,12,483,1181,483,14,0.43822991060110733,0.03172511284811595
856,9341,12,498,81,471,12,0.5231388366621641,0.019154644780425875
857,9341,12,498,93,471,12,0.515625,0.02236280343720945
859,9341,12,498,1019,498,12,0.44962591288588066,0.04521642153402682
872,9341,60,371,1181,371,13,0.5359591602564021,0.01189221944987187
875,9341,60,467,61,467,13,0.8079647378096765,0.00017257143004933712
883,9341,60,467,1179,467,13,0.5263613559678151,0.013949985855587797
887,9341,60,483,61,483,14,0.8409090909090908,4.361830449462126e-05
892,9341,60,483,102,483,14,0.5536811530143216,0.006880860475603542
893,9341,60,483,1019,483,14,0.44068499933792943,0.03147510164187908
894,9341,60,483,1179,483,14,0.5649807683819609,0.005820778637854447
915,9341,61,467,67,467,13,0.47683164854341564,0.02645065232329987
922,9341,61,467,1179,467,13,0.4575261124140018,0.03177498034687382
930,9341,61,483,102,483,14,0.6666773066907138,0.0011375304305913194
931,9341,61,483,1019,483,14,0.5536811530143216,0.006880860475603542
932,9341,61,483,1179,483,14,0.4519846147055687,0.027372230915508337
936,9341,67,467,74,467,13,0.5960395606792696,0.005530139488318557
940,9341,67,467,1019,467,13,0.5789974915645967,0.006772764970580716
942,9341,67,467,1179,467,13,0.42108908477425205,0.04891630910009111
949,9341,67,471,102,498,12,0.4615930911724977,0.03874183846329154
958,9341,67,483,1181,483,14,0.4253154531313251,0.040182254066512886
961,9341,67,498,93,471,12,0.44962591288588066,0.04521642153402682
968,9341,74,467,1019,467,13,0.6536087320200025,0.002158781601531687
970,9341,74,467,1179,467,13,0.4313817631332017,0.04291553691367748
976,9341,74,483,102,483,14,0.6292134831460675,0.0020420255759156496
978,9341,74,483,1179,483,14,0.41573033707865176,0.041582287691283575
979,9341,74,483,1181,483,14,0.4858834608084864,0.017709780741446416
984,9341,74,498,1181,471,12,0.4806345965331828,0.032294337726940396
985,9341,81,371,1019,371,12,0.527147622004136,0.018878700408772278
987,9341,81,467,1019,467,13,0.4575261124140018,0.03177498034687382
1004,9341,81,498,1179,371,13,-0.5526315789473683,0.00983966141287192
1017,9341,93,471,1181,471,12,-0.46875,0.037847854821619516
1018,9341,93,483,102,483,14,0.47191011235955066,0.020720534478245317
1019,9341,93,483,1019,483,14,0.7640449438202248,0.00018045189706616783
1022,9341,102,483,1019,483,14,0.4943820224719102,0.015385175845761673
1023,9341,102,483,1179,483,14,0.46067415730337086,0.023947782871830425
1044,9342,3,371,1159,467,13,0.5467152657392316,0.011325469078429004
1048,9342,3,483,100,483,15,0.40816326530612246,0.04268245100401198
1050,9342,3,483,1159,483,15,0.8061224489795918,6.256067533290831e-05
1055,9342,67,483,1187,483,15,0.5472704546154941,0.005888309981762494
1057,9342,100,483,1159,483,15,0.47959183673469385,0.017242533382042218
1058,9342,100,483,1187,483,15,0.3939594923753622,0.049247652340232845
1071,9343,3,467,82,467,12,0.6154574548966636,0.0058532450255740325
1074,9343,3,467,970,467,12,0.703125,0.0018410212585438996
1075,9343,3,471,7,471,12,0.542651963827787,0.015650137723377103
1078,9343,3,471,82,498,12,0.46875,0.037847854821619516
1087,9343,3,471,1179,498,12,0.5625,0.012709815739543944
1090,9343,3,483,82,483,15,0.5374797538821051,0.006803301564717871
1093,9343,3,483,970,483,15,0.6363961030678927,0.0015181027619510146
1094,9343,3,483,1172,483,15,0.6903642243895957,0.000610429180671664
1116,9343,7,483,970,483,15,0.48,0.01611456117691334
1121,9343,79,483,823,483,15,0.44335513307557556,0.0247078776408849
1124,9343,79,483,1179,483,15,0.8390343728657254,1.853115645672877e-05
1125,9343,79,498,81,498,12,0.53125,0.018604354576073075
1143,9343,81,498,970,471,12,0.7131997238879487,0.0014901532666585443
1149,9343,82,467,970,467,12,0.4923659639173309,0.027474239016943514
1151,9343,82,483,823,483,15,0.4411976743693058,0.02488046062385464
1152,9343,82,483,970,483,15,0.43354488239228905,0.02795568049014659
1153,9343,82,483,1172,483,15,0.5050495243689607,0.01075072834535384
1163,9343,82,498,1179,498,12,0.46875,0.037847854821619516
1172,9343,93,498,98,498,12,0.46875,0.037847854821619516
1178,9343,98,467,823,467,12,0.5846153846153846,0.008844614017178907
1180,9343,98,471,823,498,12,0.5354496700964052,0.018145060732712204
1181,9343,98,471,970,471,12,0.4806345965331828,0.032294337726940396
1182,9343,98,471,970,498,12,0.53125,0.018604354576073075
1185,9343,98,483,823,483,15,0.6502541951775108,0.0009875678134361405
1190,9343,98,498,970,471,12,0.542651963827787,0.015650137723377103
1191,9343,98,498,970,498,12,0.46875,0.037847854821619516
1192,9343,98,498,1172,471,12,0.46513025470953173,0.03829417903029063
1196,9343,823,483,1172,483,15,0.5100255019126594,0.010565951733632816
1197,9343,823,483,1179,483,15,0.39217571055049405,0.046151697239341795
1198,9343,823,498,970,471,12,0.5000610463343951,0.026516783317790414
1204,9343,970,483,1172,483,15,0.6030226891555273,0.002578101650296518
1208,9343,1172,471,1179,498,12,0.49613893835683387,0.027118716544582568
1212,11895,82,483,97,483,11,0.574074074074074,0.015183516079867024
1214,11895,82,483,970,483,11,0.8440722199302099,0.0003281542287518694
1215,11895,82,483,1172,483,11,0.611111111111111,0.009748769196793116
1216,11895,97,483,98,483,11,0.8888888888888888,0.0001702937757795166
1217,11895,97,483,970,483,11,0.7339758434175737,0.0017872890369872653
1218,11895,97,483,1172,483,11,0.7592592592592592,0.0013218707803182444
1219,11895,97,498,98,498,10,0.9999999999999999,5.511463844797178e-07
1220,11895,98,483,970,483,11,0.6238794669049377,0.007931923532795268
1221,11895,98,483,1172,483,11,0.6851851851851851,0.00375667898932438
1222,11895,970,483,1172,483,11,0.7706746355884524,0.0010393630991335228
1223,11896,3,483,100,483,12,0.6511823565933444,0.0037272392778565
1226,11896,3,498,100,498,10,0.5555555555555555,0.02860945767195767
1227,11896,3,498,1187,498,10,0.6,0.016666115520282188
1228,11896,100,483,941,483,12,0.558156305651438,0.012917695429948382
1230,11896,100,498,1187,498,10,0.8666666666666666,0.00011518959435626102
1231,11896,941,483,1177,483,12,0.515625,0.02236280343720945
1232,11897,3,483,82,483,12,0.9076923076923078,4.807501627297362e-05
1233,11899,3,471,60,471,11,0.5137830903923016,0.028783965875738365
1234,11899,3,471,1181,471,11,0.5137830903923016,0.028783965875738365
1235,11899,3,483,60,483,12,0.703125,0.0018410212585438996
1238,11899,60,471,1181,471,11,0.7454545454545454,0.000759529822029822
1240,12002,941,483,1159,483,12,0.7272727272727272,0.0004988835110362888
1250,12003,3,467,82,467,11,0.5504818825631803,0.019149571500766138
1253,12003,3,471,82,471,12,0.5954371961386479,0.007348168541887418
1260,12003,3,483,82,483,12,0.542651963827787,0.015650137723377103
1266,12003,3,498,82,483,12,-0.5736606474750892,0.010616134170032876
1267,12003,3,498,82,498,12,0.671875,0.0029173527829557586
1269,12003,3,498,98,498,12,0.558156305651438,0.012917695429948382
1271,12003,12,467,98,371,11,0.537037037037037,0.02312709126458077
1284,17582,3,483,61,483,11,0.6296296296296295,0.00774619116893656
1290,17582,61,467,82,467,10,0.5555555555555555,0.02860945767195767
1293,17582,61,483,1212,483,11,0.537037037037037,0.02312709126458077
