,site_id,species_a,phenophase_a,species_b,phenophase_b,number_of_observations,kendall_tau,p_value
0,8180,444,483,444,498,13,-0.5263613559678151,0.013949985855587797
1,8181,444,483,444,498,13,0.09152086306448587,0.6675836142796442
2,8182,3,371,3,467,14,0.33333333333333326,0.10779234369173751
3,8182,3,371,3,483,14,0.3295667340763291,0.10918734051975243
4,8182,3,371,3,500,14,0.20571764439712248,0.3193915312996195
5,8182,3,371,28,371,14,0.20571764439712248,0.3193915312996195
6,8182,3,371,28,467,14,0.0,1.0
7,8182,3,371,28,483,14,0.07955059098394152,0.6990116176970267
8,8182,3,371,93,371,14,0.05747126436781608,0.7817867780120962
9,8182,3,371,93,483,14,0.09195402298850575,0.6576311337593779
10,8182,3,371,102,371,14,0.2971477085736214,0.15036415228003505
11,8182,3,371,102,467,14,0.01156088678177274,0.9557108747373928
12,8182,3,371,102,483,14,0.1271697545995001,0.5412631711635787
13,8182,3,371,1172,371,14,0.3977529549197075,0.05320231578038136
14,8182,3,371,1172,467,14,0.41143528879424496,0.046434940831093376
15,8182,3,371,1172,483,14,0.1371450962647483,0.5068144633792976
16,8182,3,371,1172,500,14,-0.07955059098394152,0.6990116176970267
17,8182,3,371,1172,501,14,-0.11428758022062359,0.5801458470552849
18,8182,3,371,1174,371,14,0.19105948330009315,0.34912276578960433
19,8182,3,371,1174,467,14,-0.011494252873563218,0.9557759627067601
20,8182,3,371,1174,483,14,0.022602116787360346,0.91216186668997
21,8182,3,467,3,483,14,0.9887002022289872,1.5058001962883068e-06
22,8182,3,467,3,500,14,-0.09143006417649888,0.6577733771033141
23,8182,3,467,28,371,14,-0.16000261230887303,0.43820287208311803
24,8182,3,467,28,467,14,-0.18286012835299775,0.37562891442900326
25,8182,3,467,28,483,14,-0.2159230326706984,0.2934601728923938
26,8182,3,467,93,371,14,0.24137931034482757,0.24419898824744835
27,8182,3,467,93,483,14,-0.08045977011494253,0.6978790233120764
28,8182,3,467,102,371,14,0.5142941109928062,0.012709201246041824
29,8182,3,467,102,467,14,0.04624354712709096,0.8240219679984069
30,8182,3,467,102,483,14,0.16185241494481836,0.43638479827788323
31,8182,3,467,1172,371,14,0.1704655521084461,0.4068835237753907
32,8182,3,467,1172,467,14,0.09143006417649888,0.6577733771033141
33,8182,3,467,1172,483,14,0.20571764439712248,0.3188974157034885
34,8182,3,467,1172,500,14,0.4432104354819598,0.031051268387073755
35,8182,3,467,1172,501,14,0.32000522461774605,0.12103042283651058
36,8182,3,467,1174,371,14,0.4832681048178826,0.017756032985644137
37,8182,3,467,1174,467,14,0.29885057471264365,0.14893407799968222
38,8182,3,467,1174,483,14,0.06780635036208103,0.7404387508754193
39,8182,3,471,28,471,13,-0.14379392104440056,0.4997750760935106
40,8182,3,471,28,498,13,-0.31578947368421045,0.14018740956733622
41,8182,3,471,93,498,13,0.4313817631332017,0.04291553691367748
42,8182,3,471,102,471,13,0.0,1.0
43,8182,3,471,102,498,13,-0.03921652392120015,0.8539755794678501
44,8182,3,471,1172,471,13,-0.2781517949836591,0.19598036054066525
45,8182,3,471,1172,498,13,-0.026315789473684206,0.902166918005222
46,8182,3,471,1172,516,13,-0.14569855927715478,0.49765130492699805
47,8182,3,471,1174,471,13,-0.19608261960600076,0.3574466229929747
48,8182,3,471,1174,498,13,0.10526315789473682,0.6229329717637246
49,8182,3,483,3,500,14,-0.06779769220583531,0.7407009735671077
50,8182,3,483,28,371,14,-0.18079384588222747,0.3775241848053885
51,8182,3,483,28,467,14,-0.2033930766175059,0.3208192981371364
52,8182,3,483,28,483,14,-0.23595505617977533,0.24746887491379654
53,8182,3,483,93,371,14,0.23865177295182455,0.24606302849179906
54,8182,3,483,93,483,14,-0.10227933126506765,0.6190988706143206
55,8182,3,483,102,371,14,0.49718307617612556,0.015233283457063094
56,8182,3,483,102,467,14,0.04572100439634054,0.8247014387947382
57,8182,3,483,102,483,14,0.16002351538719187,0.4381874390102525
58,8182,3,483,1172,371,14,0.1460674157303371,0.4740281384100409
59,8182,3,483,1172,467,14,0.09039692294111373,0.6590438742029041
60,8182,3,483,1172,483,14,0.22599230735278436,0.2699906635295748
61,8182,3,483,1172,500,14,0.46067415730337086,0.023947782871830425
62,8182,3,483,1172,501,14,0.2937899995586197,0.1515696162013311
63,8182,3,483,1174,371,14,0.4778072729642601,0.018219972081742756
64,8182,3,483,1174,467,14,0.30683799379520293,0.13546264623810417
65,8182,3,483,1174,483,14,0.04469343487693273,0.8258996882746974
66,8182,3,500,28,371,14,0.056818181818181816,0.7824117152842756
67,8182,3,500,28,467,14,0.1818181818181818,0.3768214132367693
68,8182,3,500,28,483,14,0.2033930766175059,0.3208192981371364
69,8182,3,500,93,371,14,0.0,1.0
70,8182,3,500,93,483,14,0.18286012835299773,0.3761163374592893
71,8182,3,500,102,371,14,0.07954545454545453,0.6990164169010809
72,8182,3,500,102,467,14,-0.08046508572754799,0.6978741695512368
73,8182,3,500,102,483,14,-0.1954152081954737,0.34580813239010344
74,8182,3,500,1172,371,14,0.06779769220583531,0.7407009735671077
75,8182,3,500,1172,467,14,0.32954545454545453,0.10919328007888253
76,8182,3,500,1172,483,14,0.19318181818181815,0.34772889612794466
77,8182,3,500,1172,500,14,0.09039692294111373,0.6590438742029041
78,8182,3,500,1172,501,14,-0.17045454545454544,0.4073689473344244
79,8182,3,500,1174,371,14,-0.04469901562676742,0.8258939952297807
80,8182,3,500,1174,467,14,-0.0571437901103118,0.7818811603506716
81,8182,3,500,1174,483,14,-0.056183321871936844,0.7830348406646186
82,8182,28,371,28,467,14,0.5340909090909091,0.009429718815433998
83,8182,28,371,28,483,14,0.6101792298525177,0.002898266351462359
84,8182,28,371,93,371,14,0.13714509626474833,0.5068144633792976
85,8182,28,371,93,483,14,0.4571503208824944,0.026919247493874445
86,8182,28,371,102,371,14,-0.125,0.5434590602957203
87,8182,28,371,102,467,14,0.21840523268905884,0.2920371403382973
88,8182,28,371,102,483,14,0.14943515920830344,0.4709541489975748
89,8182,28,371,1172,371,14,0.18079384588222747,0.3775241848053885
90,8182,28,371,1172,467,14,0.10227272727272727,0.6191047470377367
91,8182,28,371,1172,483,14,-0.03409090909090909,0.8683879166628317
92,8182,28,371,1172,500,14,-0.06779769220583531,0.7407009735671077
93,8182,28,371,1172,501,14,-0.03409090909090909,0.8683879166628317
94,8182,28,371,1174,371,14,0.26819409376060455,0.18689377489915082
95,8182,28,371,1174,467,14,-0.04571503208824943,0.8247072496113743
96,8182,28,371,1174,483,14,0.12360330811826105,0.54464369385462
97,8182,28,467,28,483,14,0.8813699986758589,1.6924205289078887e-05
98,8182,28,467,93,371,14,0.20571764439712245,0.3193915312996195
99,8182,28,467,93,483,14,0.32000522461774605,0.12141039033128535
100,8182,28,467,102,371,14,-0.03409090909090909,0.8683879166628317
101,8182,28,467,102,467,14,0.1264451347147183,0.5418515134265364
102,8182,28,467,102,483,14,0.10345511022113313,0.6177063848725499
103,8182,28,467,1172,371,14,0.3389884610291765,0.09800036867304011
104,8182,28,467,1172,467,14,0.375,0.06833797659772675
105,8182,28,467,1172,483,14,0.30681818181818177,0.13586735600802086
106,8182,28,467,1172,500,14,-0.13559538441167063,0.5080670800133593
107,8182,28,467,1172,501,14,-0.10227272727272727,0.6191047470377367
108,8182,28,467,1174,371,14,-0.02234950781338371,0.9124210043205884
109,8182,28,467,1174,467,14,0.25143267648537193,0.22314002275507294
110,8182,28,467,1174,483,14,0.32586326685723366,0.11023796305888042
111,8182,28,471,28,498,13,0.45752611241400176,0.03177498034687382
112,8182,28,471,93,498,13,-0.1558441558441558,0.46244348543443425
113,8182,28,471,102,471,13,0.2451663926939418,0.245506842710017
114,8182,28,471,102,498,13,0.025974025974025972,0.9025255815925958
115,8182,28,471,1172,471,13,0.3026577796814937,0.157460140404854
116,8182,28,471,1172,498,13,0.19608261960600076,0.3574466229929747
117,8182,28,471,1172,516,13,0.10527227119356303,0.6224860034116182
118,8182,28,471,1174,471,13,0.33766233766233766,0.11135548389149715
119,8182,28,471,1174,498,13,0.09150522248280035,0.6675986927538994
120,8182,28,483,93,371,14,0.19319429238957223,0.34772081418904577
121,8182,28,483,93,483,14,0.3295667340763291,0.10918734051975243
122,8182,28,483,102,371,14,-0.04519846147055687,0.8253908099208292
123,8182,28,483,102,467,14,0.13716301318902163,0.5063661631392808
124,8182,28,483,102,483,14,0.06858150659451082,0.7396980217166362
125,8182,28,483,1172,371,14,0.41573033707865176,0.041582287691283575
126,8182,28,483,1172,467,14,0.36158769176445493,0.0775747760071197
127,8182,28,483,1172,483,14,0.24859153808806278,0.2249798065318881
128,8182,28,483,1172,500,14,-0.21348314606741575,0.2953881793079203
129,8182,28,483,1172,501,14,-0.18079384588222747,0.3775241848053885
130,8182,28,483,1174,371,14,-0.07778257931976326,0.7007057781868087
131,8182,28,483,1174,467,14,0.1250080715461938,0.5430418121252826
132,8182,28,483,1174,483,14,0.29050732670006274,0.15278537988591606
133,8182,28,498,93,498,13,0.14379392104440056,0.4997750760935106
134,8182,28,498,102,471,13,0.2597621667330655,0.22067136191984693
135,8182,28,498,102,498,13,0.03921652392120015,0.8539755794678501
136,8182,28,498,1172,471,13,0.09271726499455304,0.6664468566028743
137,8182,28,498,1172,498,13,0.47368421052631565,0.026922458457086934
138,8182,28,498,1172,516,13,0.0,1.0
139,8182,28,498,1174,471,13,-0.013072174640400051,0.9510809279915328
140,8182,28,498,1174,498,13,0.10526315789473682,0.6229329717637246
141,8182,93,371,93,483,14,0.4022988505747126,0.05250874476012502
142,8182,93,371,102,371,14,0.5028653529707438,0.014934832824350852
143,8182,93,371,102,467,14,-0.02312177356354548,0.9115581061986773
144,8182,93,371,102,483,14,0.09248709425418192,0.6568301975068853
145,8182,93,371,1172,371,14,0.47730354590364904,0.020344656964648027
146,8182,93,371,1172,467,14,0.37714901472805784,0.06793064804028844
147,8182,93,371,1172,483,14,0.5142941109928062,0.012800476660339986
148,8182,93,371,1172,500,14,0.06818622084337843,0.7403283240506767
149,8182,93,371,1172,501,14,0.2514326764853719,0.223612689666845
150,8182,93,371,1174,371,14,0.41583534600608507,0.04156869543274011
151,8182,93,371,1174,467,14,0.022988505747126436,0.9116876821520635
152,8182,93,371,1174,483,14,-0.03390317518104052,0.868575524712934
153,8182,93,483,102,371,14,0.18286012835299775,0.3761163374592893
154,8182,93,483,102,467,14,0.19653507529013656,0.34510614175539367
155,8182,93,483,102,483,14,0.19653507529013656,0.34510614175539367
156,8182,93,483,1172,371,14,0.465939175763086,0.02353148203879098
157,8182,93,483,1172,467,14,0.38857777275012023,0.06000133985819806
158,8182,93,483,1172,483,14,0.22857516044124718,0.2685779181205753
159,8182,93,483,1172,500,14,0.05682185070281536,0.7824081594490038
160,8182,93,483,1172,501,14,0.1371450962647483,0.5068144633792976
161,8182,93,483,1174,371,14,0.2809698283824899,0.16854307869535734
162,8182,93,483,1174,467,14,-0.011494252873563218,0.9557759627067601
163,8182,93,483,1174,483,14,0.2034190510862431,0.32080312104146635
164,8182,93,498,102,471,13,0.03871048305693818,0.8545090965027006
165,8182,93,498,102,498,13,0.1818181818181818,0.3912786653921221
166,8182,93,498,1172,471,13,-0.21054454238712605,0.3254010285395519
167,8182,93,498,1172,498,13,0.3006600167292012,0.15823375843900667
168,8182,93,498,1172,516,13,-0.013159033899195378,0.9509281537392961
169,8182,93,498,1174,471,13,-0.3116883116883116,0.14165426292311387
170,8182,93,498,1174,498,13,0.37909306457160147,0.07521789765420396
171,8182,102,371,102,467,14,-0.21840523268905884,0.2920371403382973
172,8182,102,371,102,483,14,-0.10345511022113313,0.6177063848725499
173,8182,102,371,1172,371,14,0.5536811530143216,0.006880860475603542
174,8182,102,371,1172,467,14,0.40909090909090906,0.046758826427809104
175,8182,102,371,1172,483,14,0.5454545454545454,0.008018156890259621
176,8182,102,371,1172,500,14,0.2485915380880628,0.2249798065318881
177,8182,102,371,1172,501,14,0.35227272727272724,0.08684127108019403
178,8182,102,371,1174,371,14,0.49168917189444167,0.015534281597943412
179,8182,102,371,1174,467,14,0.011428758022062358,0.9558407645543255
180,8182,102,371,1174,483,14,-0.1685499656158105,0.40874801011583217
181,8182,102,467,102,483,14,0.883720930232558,2.3233511616443258e-05
182,8182,102,467,1172,371,14,0.0,1.0
183,8182,102,467,1172,467,14,0.19541520819547373,0.34580813239010344
184,8182,102,467,1172,483,14,0.05747506123396285,0.781565275925063
185,8182,102,467,1172,500,14,0.18288401758536216,0.37561282674906926
186,8182,102,467,1172,501,14,-0.2643852816762291,0.20213690903583514
187,8182,102,467,1174,371,14,0.045215784420335234,0.8251990670918412
188,8182,102,467,1174,467,14,0.4161919241438186,0.04535198810672746
189,8182,102,467,1174,483,14,0.3978300313577762,0.052948361952644726
190,8182,102,471,102,498,13,0.5548502571494472,0.008581833413545606
191,8182,102,471,1172,471,13,0.588348405414552,0.005764983650937015
192,8182,102,471,1172,498,13,0.18183351671314585,0.3912672792826394
193,8182,102,471,1172,516,13,0.06537204504606133,0.7587310596673087
194,8182,102,471,1174,471,13,0.45162230233094547,0.032411695506212604
195,8182,102,471,1174,498,13,0.2078097333864524,0.32718687779030575
196,8182,102,483,1172,371,14,0.0685815065945108,0.7396980217166362
197,8182,102,483,1172,467,14,0.2643852816762291,0.20213690903583514
198,8182,102,483,1172,483,14,0.12644513471471827,0.5418515134265364
199,8182,102,483,1172,500,14,0.20574451978353242,0.31888110892349053
200,8182,102,483,1172,501,14,-0.17242518370188858,0.405499616598857
201,8182,102,483,1174,371,14,0.1582552454711733,0.4395101404445546
202,8182,102,483,1174,467,14,0.43931369770736406,0.03463822732889535
203,8182,102,483,1174,483,14,0.42056317600679194,0.040762983121174184
204,8182,102,498,1172,471,13,0.4210890847742521,0.04920178028533338
205,8182,102,498,1172,498,13,0.013072174640400051,0.9510809279915328
206,8182,102,498,1172,516,13,0.21054454238712605,0.3247910066826858
207,8182,102,498,1174,471,13,0.20779220779220778,0.32719850593286803
208,8182,102,498,1174,498,13,0.22222696888680085,0.2969759637474312
209,8182,1172,371,1172,467,14,0.6101792298525177,0.002898266351462359
210,8182,1172,371,1172,483,14,0.519782306911404,0.011177714986204653
211,8182,1172,371,1172,500,14,-0.07865168539325844,0.6998622802875212
212,8182,1172,371,1172,501,14,0.04519846147055687,0.8253908099208292
213,8182,1172,371,1174,371,14,0.2333477379592898,0.24886780567103972
214,8182,1172,371,1174,467,14,0.04545748056225229,0.8249594622528376
215,8182,1172,371,1174,483,14,0.14525366335003137,0.47468262247849213
216,8182,1172,467,1172,483,14,0.6931818181818181,0.0007534135308855438
217,8182,1172,467,1172,500,14,0.0,1.0
218,8182,1172,467,1172,501,14,-0.03409090909090909,0.8683879166628317
219,8182,1172,467,1174,371,14,0.17879606250706967,0.37892286286926913
220,8182,1172,467,1174,467,14,0.285718950551559,0.1662537649604986
221,8182,1172,467,1174,483,14,0.22473328748774737,0.2706942611872927
222,8182,1172,471,1172,498,13,0.06622661785325218,0.7581749556483244
223,8182,1172,471,1172,516,13,-0.02666666666666666,0.9016848750020058
224,8182,1172,471,1174,471,13,0.802701067850918,0.00017733821887884574
225,8182,1172,471,1174,498,13,0.25166114784235827,0.24202614006036238
226,8182,1172,483,1172,500,14,0.27119076882334126,0.1856024098184219
227,8182,1172,483,1172,501,14,0.125,0.5434590602957203
228,8182,1172,483,1174,371,14,0.379941632827523,0.06151844308314133
229,8182,1172,483,1174,467,14,0.3542914986839331,0.0860551974608863
230,8182,1172,483,1174,483,14,0.11236664374387369,0.5818170084030487
231,8182,1172,498,1172,516,13,-0.30464244212496,0.15618101471989312
232,8182,1172,498,1174,471,13,0.06536087320200026,0.7590358502894777
233,8182,1172,498,1174,498,13,0.44736842105263147,0.03664333845981181
234,8182,1172,500,1172,501,14,0.22599230735278436,0.2699906635295748
235,8182,1172,500,1174,371,14,0.3666893025074554,0.06998308046248113
236,8182,1172,500,1174,467,14,0.3750242146385814,0.06805251732254557
237,8182,1172,500,1174,483,14,0.11173358719233183,0.5823821979568502
238,8182,1172,501,1174,371,14,0.42464064845429045,0.03664283448551583
239,8182,1172,501,1174,467,14,0.18286012835299773,0.37562891442900326
240,8182,1172,501,1174,483,14,0.1460766368670358,0.4740207709412042
241,8182,1172,516,1174,471,13,-0.13159033899195377,0.5382822542342813
242,8182,1172,516,1174,498,13,-0.25166114784235827,0.24143044186971818
243,8182,1174,371,1174,467,14,0.07867155194709718,0.6995540720244979
244,8182,1174,371,1174,483,14,-0.04419956960878639,0.82640978682081
245,8182,1174,467,1174,483,14,0.7571709123765715,0.00021627308237560594
246,8182,1174,471,1174,498,13,0.24837131816760094,0.24376038835352554
247,8182,1174,500,1174,501,13,0.8026315789473683,0.00017740242675717244
248,8409,444,483,444,498,13,-0.4675719001195179,0.02748633611151033
249,8806,3,467,12,467,14,0.47458384544084714,0.02053226497860968
250,8806,3,467,12,498,14,-0.1142875802206236,0.5797589913348059
251,8806,3,467,61,467,14,0.28249038419098044,0.16793944290658325
252,8806,3,467,81,467,14,0.47727272727272724,0.020346761230290757
253,8806,3,467,81,498,14,-0.14772727272727273,0.4727193204145904
254,8806,3,467,82,371,14,0.2033930766175059,0.3208192981371364
255,8806,3,467,82,467,14,0.44068499933792943,0.03147510164187908
256,8806,3,467,823,371,14,0.21590909090909088,0.2939597342399949
257,8806,3,467,823,467,14,0.22473328748774737,0.2706942611872927
258,8806,3,467,823,498,14,-0.10345511022113313,0.6177063848725499
259,8806,3,467,1192,467,14,0.1460766368670358,0.4740207709412042
260,8806,3,467,1192,498,14,-0.011363636363636362,0.9559060223112934
261,8806,3,471,3,498,13,-0.07843304784240031,0.7128012351263818
262,8806,3,471,12,471,13,0.10527227119356303,0.6229245530471931
263,8806,3,471,61,471,13,0.052636135596781514,0.8057945808966378
264,8806,3,471,61,498,13,-0.3947710169758613,0.06519603621665791
265,8806,3,471,81,471,13,0.31373219136960123,0.1409166057755478
266,8806,3,471,82,390,13,0.32680436601000123,0.12509469454799962
267,8806,3,471,82,471,13,0.19608261960600076,0.3574466229929747
268,8806,3,471,100,467,13,-0.0779220779220779,0.7133097608196015
269,8806,3,471,823,471,13,0.37909306457160147,0.07521789765420396
270,8806,3,471,1192,471,13,0.2857142857142857,0.17792002192081557
271,8806,3,483,12,483,15,0.4174954050920819,0.03248653132431887
272,8806,3,483,61,483,15,0.10784313725490197,0.5834554388633708
273,8806,3,483,81,483,15,0.34655164004183603,0.080046416501144
274,8806,3,483,82,483,15,0.48781068189867755,0.012793312299196918
275,8806,3,483,823,483,15,0.2146367000354181,0.2733556560056337
276,8806,3,483,1192,483,15,0.2058823529411765,0.2947733773580463
277,8806,3,498,12,471,13,0.013245323570650435,0.9509007642720422
278,8806,3,498,61,471,13,-0.11920791213585391,0.5794550490910293
279,8806,3,498,61,498,13,0.17218920641845567,0.42343070745433276
280,8806,3,498,81,471,13,0.06578947368421052,0.7586065538382313
281,8806,3,498,82,390,13,0.0,1.0
282,8806,3,498,82,471,13,0.21052631578947364,0.32541274442496537
283,8806,3,498,100,467,13,-0.013072174640400051,0.9510809279915328
284,8806,3,498,823,471,13,0.05263157894736841,0.8057991897308128
285,8806,3,498,1192,471,13,0.22222696888680085,0.2969759637474312
286,8806,12,467,12,498,14,0.2613805132329507,0.20346836787243916
287,8806,12,467,61,467,14,0.022471910112359553,0.9122946341122019
288,8806,12,467,81,467,14,0.6892765374259923,0.0007670850531177642
289,8806,12,467,81,498,14,0.13559538441167063,0.5080670800133593
290,8806,12,467,82,371,14,0.50561797752809,0.013202663745196958
291,8806,12,467,82,467,14,0.26966292134831465,0.18625602280271802
292,8806,12,467,823,371,14,0.4067861532350118,0.04708316818689263
293,8806,12,467,823,467,14,0.4357609900500941,0.031981418646188475
294,8806,12,467,823,498,14,0.20574451978353242,0.31888110892349053
295,8806,12,467,1192,467,14,-0.11173358719233183,0.5823821979568502
296,8806,12,467,1192,498,14,0.22599230735278436,0.2695045319155901
297,8806,12,471,61,471,13,0.15999999999999995,0.45914316330843774
298,8806,12,471,61,498,13,-0.06666666666666665,0.7577467597346141
299,8806,12,471,81,471,13,0.25166114784235827,0.24202614006036238
300,8806,12,471,82,390,13,0.30464244212496,0.15670522605464607
301,8806,12,471,82,471,13,0.5695489135379688,0.008102865934026565
302,8806,12,471,100,467,13,0.05263613559678151,0.8057945808966378
303,8806,12,471,823,471,13,-0.09271726499455304,0.6664468566028743
304,8806,12,471,1192,471,13,0.05263613559678151,0.8057945808966378
305,8806,12,483,61,483,15,-0.20389310481241207,0.29633671474249623
306,8806,12,483,81,483,15,0.23533936216582085,0.2311363444215333
307,8806,12,483,82,483,15,0.20290091836568175,0.29692757963241945
308,8806,12,483,823,483,15,0.2898584548081168,0.13620743737900445
309,8806,12,483,1192,483,15,0.009709195467257719,0.9603051670929266
310,8806,12,498,61,467,14,-0.3977529549197075,0.05296032383792911
311,8806,12,498,81,467,14,0.12571633824268594,0.5424512168554649
312,8806,12,498,81,498,14,0.6628679652796168,0.0013196430619890956
313,8806,12,498,82,371,14,0.05682185070281536,0.7821921122293205
314,8806,12,498,82,467,14,-0.05682185070281536,0.7821921122293205
315,8806,12,498,823,371,14,0.2971477085736214,0.14994786069057603
316,8806,12,498,823,467,14,0.15821481751152242,0.4395407919820241
317,8806,12,498,823,498,14,0.8323838482876372,6.26104290686615e-05
318,8806,12,498,1192,467,14,-0.4068381021724862,0.04685215105885544
319,8806,12,498,1192,498,14,0.5600091430810556,0.0066059928297404645
320,8806,61,467,81,467,14,0.07909730757347451,0.6994378508998342
321,8806,61,467,81,498,14,-0.49718307617612556,0.015233283457063094
322,8806,61,467,82,371,14,-0.1460674157303371,0.4740281384100409
323,8806,61,467,82,467,14,0.22471910112359555,0.27070224602214554
324,8806,61,467,823,371,14,-0.18079384588222747,0.3775241848053885
325,8806,61,467,823,467,14,0.07821351103463227,0.7002849185334482
326,8806,61,467,823,498,14,-0.41148903956706484,0.04620457658528138
327,8806,61,467,1192,467,14,0.6480548057155245,0.0014253454469424823
328,8806,61,467,1192,498,14,-0.24859153808806278,0.22450925927273457
329,8806,61,471,61,498,13,-0.35999999999999993,0.09579677810465953
330,8806,61,471,81,471,13,-0.17218920641845567,0.42343070745433276
331,8806,61,471,82,390,13,-0.1456985592771548,0.4981951987580159
332,8806,61,471,82,471,13,0.10596258856520348,0.6222915422247868
333,8806,61,471,100,467,13,0.42108908477425205,0.04920178028533338
334,8806,61,471,823,471,13,-0.19867985355975654,0.3556764722321627
335,8806,61,471,1192,471,13,0.1579084067903445,0.4607790693820184
336,8806,61,483,81,483,15,-0.21783245945486834,0.27121798452600077
337,8806,61,483,82,483,15,0.0975621363797355,0.6185585246174067
338,8806,61,483,823,483,15,-0.0585372818278413,0.7651410307261214
339,8806,61,483,1192,483,15,0.5784313725490197,0.0032446170979626033
340,8806,61,498,81,471,13,-0.11920791213585392,0.5794550490910293
341,8806,61,498,82,390,13,0.11920791213585392,0.5794550490910293
342,8806,61,498,82,471,13,-0.10596258856520348,0.6222915422247868
343,8806,61,498,100,467,13,-0.013159033899195377,0.9509899091745775
344,8806,61,498,823,471,13,-0.17218920641845567,0.42343070745433276
345,8806,61,498,1192,471,13,-0.10527227119356301,0.6229245530471931
346,8806,81,390,100,483,14,-0.10112997936948631,0.6197806806250323
347,8806,81,467,81,498,14,-0.06818181818181818,0.7403325200477033
348,8806,81,467,82,371,14,0.5762803837496,0.004910236094726327
349,8806,81,467,82,467,14,0.35028807639681575,0.08730650928700585
350,8806,81,467,823,371,14,0.17045454545454544,0.4073689473344244
351,8806,81,467,823,467,14,0.4719399037242694,0.02071841543125711
352,8806,81,467,823,498,14,0.02299002449358514,0.9116861960072822
353,8806,81,467,1192,467,14,-0.1460766368670358,0.4740207709412042
354,8806,81,467,1192,498,14,-0.04545454545454545,0.8249623549240445
355,8806,81,471,82,390,13,0.13157894736842105,0.5388041912775858
356,8806,81,471,82,471,13,0.5263157894736842,0.01395229903733664
357,8806,81,471,100,467,13,-0.27451566744840106,0.1976283435232944
358,8806,81,471,823,471,13,0.2631578947368421,0.21898011992608335
359,8806,81,471,1192,471,13,-0.11764957176360044,0.5808491217202413
360,8806,81,483,82,483,15,0.10838622059807226,0.5826781872491937
361,8806,81,483,823,483,15,0.31530536901257383,0.10993655681304201
362,8806,81,483,1192,483,15,0.009901475429766745,0.9600797024387878
363,8806,81,498,82,371,14,0.09039692294111373,0.6590438742029041
364,8806,81,498,82,467,14,-0.11299615367639218,0.581262163871195
365,8806,81,498,823,371,14,0.26136363636363635,0.2039362608273778
366,8806,81,498,823,467,14,0.1011299793694863,0.620134792492351
367,8806,81,498,823,498,14,0.827640881769065,6.528965590078832e-05
368,8806,81,498,1192,467,14,-0.2359699518621347,0.24746099625651818
369,8806,81,498,1192,498,14,0.5,0.014981015053201272
370,8806,82,371,82,467,14,0.10112359550561799,0.6201406212390668
371,8806,82,371,823,371,14,0.22599230735278436,0.2699906635295748
372,8806,82,371,823,467,14,0.17877373950773093,0.3789387046125302
373,8806,82,371,823,498,14,0.04572100439634054,0.8247014387947382
374,8806,82,371,1192,467,14,-0.17877373950773093,0.3789387046125302
375,8806,82,371,1192,498,14,-0.13559538441167063,0.5076363749716843
376,8806,82,390,82,471,13,0.10526315789473682,0.6229329717637246
377,8806,82,390,100,467,13,0.14379392104440056,0.4997750760935106
378,8806,82,390,823,471,13,0.24999999999999994,0.2428945698208299
379,8806,82,390,1192,471,13,0.3006600167292012,0.15823375843900667
380,8806,82,467,823,371,14,-0.2033930766175059,0.3208192981371364
381,8806,82,467,823,467,14,0.5698412946808924,0.0050389548883497184
382,8806,82,467,823,498,14,-0.06858150659451082,0.7396980217166362
383,8806,82,467,1192,467,14,0.0670401523153991,0.7414414873602986
384,8806,82,467,1192,498,14,-0.10169653830875296,0.61926526434226
385,8806,82,471,100,467,13,-0.06536087320200026,0.7590358502894777
386,8806,82,471,823,471,13,-0.10526315789473682,0.6229329717637246
387,8806,82,471,1192,471,13,0.03921652392120015,0.8539755794678501
388,8806,82,483,823,483,15,0.6601941747572816,0.0007207225515890361
389,8806,82,483,1192,483,15,0.2536615545873123,0.1951146089409853
390,8806,100,467,823,471,13,-0.22222696888680085,0.2969759637474312
391,8806,100,467,1192,471,13,0.46753246753246747,0.02749005864816598
392,8806,823,371,823,467,14,0.011236664374387367,0.9560801009636879
393,8806,823,371,823,498,14,0.21840523268905884,0.2920371403382973
394,8806,823,371,1192,467,14,-0.011236664374387367,0.9560801009636879
395,8806,823,371,1192,498,14,0.17045454545454544,0.4068914047817117
396,8806,823,467,823,498,14,0.10229915092057101,0.6187241791501934
397,8806,823,467,1192,467,14,0.07777777777777778,0.7007104968900384
398,8806,823,467,1192,498,14,0.011236664374387367,0.956035674570711
399,8806,823,471,1192,471,13,-0.03921652392120015,0.8539755794678501
400,8806,823,483,1192,483,15,0.1365869909316297,0.4854093845122669
401,8806,823,498,1192,467,14,-0.42056317600679194,0.040762983121174184
402,8806,823,498,1192,498,14,0.6667107103139691,0.0012830744003310992
403,8806,1192,467,1192,498,14,-0.2809166093596842,0.16813365612714581
404,8836,3,483,81,483,13,0.44752340751875785,0.036388866200708546
405,8836,3,483,82,483,13,0.48323235975409745,0.025712512347666486
406,8836,3,483,823,483,13,0.42670459765013197,0.048089152053327595
407,8836,3,498,81,471,12,0.1395390764128595,0.5342657064454457
408,8836,3,498,81,498,12,-0.06154574548966636,0.7828636615476965
409,8836,3,498,82,498,12,0.1538643637241659,0.49084037311371653
410,8836,3,498,823,498,12,0.09231861823449955,0.6793255216523519
411,8836,81,371,81,467,11,0.1272727272727273,0.6480954385121052
412,8836,81,371,82,371,11,0.03669879217087869,0.8758960579229409
413,8836,81,371,82,467,11,0.03669879217087869,0.8758960579229409
414,8836,81,467,82,371,11,-0.2568915451961508,0.27429882739587574
415,8836,81,467,82,467,11,0.697277051246695,0.003004262239398284
416,8836,81,471,81,498,12,0.1679438245519263,0.4496025895128464
417,8836,81,471,82,498,12,0.015267620413811482,0.9452010837327357
418,8836,81,471,823,498,12,-0.1679438245519263,0.4496025895128464
419,8836,81,483,82,483,13,0.6667948594698255,0.001730853973167243
420,8836,81,483,823,483,13,0.4675719001195179,0.02748633611151033
421,8836,81,498,82,498,12,0.5151515151515151,0.020980351631393297
422,8836,81,498,823,498,12,0.3333333333333333,0.15259045898802842
423,8836,82,371,82,467,11,-0.16666666666666666,0.4808755245036246
424,8836,82,471,823,471,11,0.3302891295379082,0.15985367483762747
425,8836,82,483,823,483,13,0.43709567783146436,0.04189419319735502
426,8836,82,498,823,498,12,0.2727272727272727,0.24957952123750735
427,8899,61,483,79,483,13,0.4935064935064934,0.019967430493196704
428,8899,61,483,1172,483,13,0.7058974305816028,0.0009234420576988412
429,8899,61,483,1174,483,13,0.802701067850918,0.00017402303407339884
430,8899,79,483,1172,483,13,0.6143922080988024,0.003933787308560796
431,8899,79,483,1174,483,13,0.631633627161378,0.0031370371316716953
432,8899,1172,471,1172,498,12,0.38760854559127644,0.08427368626545069
433,8899,1172,483,1174,483,13,0.8212100613803269,0.00013209218449351115
434,8901,91,467,1199,467,12,0.6929348671835832,0.0022316179323638346
435,8901,91,483,91,498,13,0.5000432881694243,0.0195109897442854
436,8901,91,483,97,471,13,-0.06623823961658694,0.7578668837213757
437,8901,91,483,97,483,13,0.5621035095372022,0.008339034705648554
438,8901,91,483,97,498,13,-0.09150522248280035,0.6675986927538994
439,8901,91,483,1189,471,13,-0.2368626101855168,0.26857639461511407
440,8901,91,483,1189,483,13,0.44740715257264285,0.03663879015873022
441,8901,91,483,1189,498,13,0.24837131816760094,0.24376038835352554
442,8901,91,483,1199,483,13,0.7189696052220028,0.000740255910614899
443,8901,91,483,1199,498,13,0.32680436601000123,0.12509469454799962
444,8901,91,498,97,471,13,0.06711560552140243,0.7570164674477675
445,8901,91,498,97,483,13,0.17218920641845567,0.42343070745433276
446,8901,91,498,97,498,13,-0.039735970711951306,0.8534431940553564
447,8901,91,498,1189,471,13,-0.03999999999999999,0.8531783494718612
448,8901,91,498,1189,483,13,0.3999999999999999,0.0642204651042897
449,8901,91,498,1189,498,13,0.516567619255367,0.016330215477267023
450,8901,91,498,1199,483,13,0.5960395606792696,0.005590082017095921
451,8901,91,498,1199,498,13,0.3311330892662609,0.12370877557841307
452,8901,97,471,97,483,13,-0.2666903735313325,0.21669567883426766
453,8901,97,471,97,498,13,0.2533558548547658,0.24055759287526135
454,8901,97,471,1189,471,13,0.7248485396311461,0.0008331759151342273
455,8901,97,471,1189,483,13,0.10738496883424388,0.6205706931394961
456,8901,97,471,1189,498,13,0.08000711205939974,0.7109289976962498
457,8901,97,471,1199,483,13,-0.18668326147193273,0.3871740191121299
458,8901,97,471,1199,498,13,-0.21335229882506598,0.32301070067803994
459,8901,97,483,97,498,13,-0.10526315789473682,0.6229329717637246
460,8901,97,483,1189,471,13,-0.41060503069016346,0.05628204864189064
461,8901,97,483,1189,483,13,0.2251705007010574,0.2951982228789659
462,8901,97,483,1189,498,13,-0.07894736842105261,0.7122966530350233
463,8901,97,483,1199,483,13,0.5526315789473683,0.00983966141287192
464,8901,97,483,1199,498,13,0.07894736842105261,0.7122966530350233
465,8901,97,498,1189,471,13,0.3311330892662609,0.12370877557841307
466,8901,97,498,1189,483,13,-0.4503410014021148,0.036298098529284686
467,8901,97,498,1189,498,13,0.07894736842105261,0.7122966530350233
468,8901,97,498,1199,483,13,-0.026315789473684206,0.902166918005222
469,8901,97,498,1199,498,13,0.15789473684210523,0.460789926431724
470,8901,1189,471,1189,483,13,0.0,1.0
471,8901,1189,471,1189,498,13,0.30464244212496,0.15670522605464607
472,8901,1189,471,1199,483,13,-0.3311330892662609,0.12370877557841307
473,8901,1189,471,1199,498,13,-0.039735970711951306,0.8534431940553564
474,8901,1189,483,1189,498,13,0.09271726499455304,0.6664468566028743
475,8901,1189,483,1199,483,13,0.4635863249727652,0.031150259175489713
476,8901,1189,483,1199,498,13,-0.013245323570650435,0.9509007642720422
477,8901,1189,498,1199,483,13,0.2631578947368421,0.21898011992608335
478,8901,1189,498,1199,498,13,0.6578947368421051,0.002118393597486436
479,8901,1199,483,1199,498,13,0.31578947368421045,0.14018740956733622
480,8902,3,371,3,500,11,0.35185185185185186,0.13672139581546566
481,8902,3,371,79,371,11,0.24074074074074073,0.30859156695990897
482,8902,3,371,102,371,11,0.2568915451961508,0.27429882739587574
483,8902,3,371,1177,371,11,0.12962962962962962,0.583519060724299
484,8902,3,467,3,483,12,0.6259724369662708,0.00483075690361056
485,8902,3,467,12,483,12,0.5846845821518305,0.008842174154167423
486,8902,3,467,28,483,12,0.06154574548966636,0.7828636615476965
487,8902,3,467,68,483,12,0.5539117094069973,0.013127109391570656
488,8902,3,467,82,467,12,0.09231861823449955,0.6793255216523519
489,8902,3,467,102,467,12,0.3333333333333333,0.15259045898802842
490,8902,3,467,102,483,12,0.32062002869004114,0.1489018745176366
491,8902,3,467,1159,483,12,0.13740858372430334,0.5361739338988774
492,8902,3,467,1187,467,12,0.38169051034528706,0.08573124655875584
493,8902,3,467,1187,483,12,0.32062002869004114,0.1489018745176366
494,8902,3,483,12,483,12,0.3410955201203233,0.12870190511388044
495,8902,3,483,28,483,12,-0.015504341823651058,0.9449447273584611
496,8902,3,483,68,483,12,0.7287040657115997,0.0011718251821904908
497,8902,3,483,82,467,12,0.2945824946493701,0.18949598907657272
498,8902,3,483,102,467,12,0.5038314736557788,0.02331499638254381
499,8902,3,483,102,483,12,0.4923076923076924,0.027479806211379045
500,8902,3,483,1159,483,12,0.3076923076923077,0.1682353732382892
501,8902,3,483,1187,467,12,0.36923076923076925,0.09823416806457871
502,8902,3,483,1187,483,12,0.4923076923076924,0.027479806211379045
503,8902,3,500,79,371,11,-0.018518518518518517,0.9375721747299168
504,8902,3,500,102,371,11,0.36698792170878686,0.11834981273562825
505,8902,3,500,1177,371,11,-0.018518518518518517,0.9375721747299168
506,8902,12,483,28,483,12,0.09375,0.6779224972168323
507,8902,12,483,68,483,12,0.1875,0.40619993738328
508,8902,12,483,82,467,12,0.125,0.5797616035681199
509,8902,12,483,102,467,12,0.03077287274483318,0.8904027809514472
510,8902,12,483,102,483,12,0.015504341823651058,0.9449447273584611
511,8902,12,483,1159,483,12,-0.17054776006016165,0.4474815336196829
512,8902,12,483,1187,467,12,0.23256512735476587,0.30027400626917133
513,8902,12,483,1187,483,12,0.17054776006016165,0.4474815336196829
514,8902,28,483,68,483,12,0.03125,0.8898980249638104
515,8902,28,483,82,467,12,-0.1875,0.40619993738328
516,8902,28,483,102,467,12,0.03077287274483318,0.8904027809514472
517,8902,28,483,102,483,12,0.04651302547095317,0.835877724639172
518,8902,28,483,1159,483,12,0.2945824946493701,0.18949598907657272
519,8902,28,483,1187,467,12,-0.17054776006016165,0.4474815336196829
520,8902,28,483,1187,483,12,-0.263573811002068,0.24041154098900808
521,8902,68,483,82,467,12,0.125,0.5797616035681199
522,8902,68,483,102,467,12,0.5231388366621641,0.019154644780425875
523,8902,68,483,102,483,12,0.5116432801804849,0.02267532111097109
524,8902,68,483,1159,483,12,0.3721042037676254,0.0974480154529693
525,8902,68,483,1187,467,12,0.6356780147696934,0.004635742977042638
526,8902,68,483,1187,483,12,0.5736606474750892,0.010616134170032876
527,8902,79,371,102,371,11,0.11009637651263605,0.6394118528033749
528,8902,79,371,1177,371,11,0.09259259259259259,0.6953475917180929
529,8902,82,467,102,467,12,0.21541010921383227,0.3347642675428819
530,8902,82,467,102,483,12,0.23256512735476587,0.30027400626917133
531,8902,82,467,1159,483,12,0.20155644370746376,0.3693278178466265
532,8902,82,467,1187,467,12,0.07752170911825529,0.7298823843615496
533,8902,82,467,1187,483,12,0.1395390764128595,0.5342657064454457
534,8902,102,371,1177,371,11,0.2935903373670295,0.21152242941072896
535,8902,102,467,102,483,12,0.9923953268977463,7.905322790445053e-06
536,8902,102,467,1159,483,12,0.38169051034528706,0.08573124655875584
537,8902,102,467,1187,467,12,0.2595495470347952,0.24261168044983128
538,8902,102,467,1187,483,12,0.442760992000533,0.046229060552390726
539,8902,102,483,1159,483,12,0.4000000000000001,0.07325079376761233
540,8902,102,483,1187,467,12,0.2461538461538462,0.2703239378523804
541,8902,102,483,1187,483,12,0.43076923076923085,0.05372409400944438
542,8902,1159,483,1187,467,12,0.09230769230769231,0.6793364108057058
543,8902,1159,483,1187,483,12,0.030769230769230774,0.8904066970721064
544,8902,1187,467,1187,483,12,0.8153846153846155,0.0002607896361051539
545,8903,12,483,79,483,12,0.546875,0.015410657052077996
546,8903,12,483,100,483,12,0.453125,0.044719640485990024
547,8903,79,483,100,483,12,0.703125,0.0018410212585438996
548,8904,28,467,82,371,13,0.32002844823759896,0.13822463511915264
549,8904,28,467,93,467,13,0.12080808993852436,0.5775807908832172
550,8904,28,467,93,483,13,0.04026936331284146,0.8527265865411217
551,8904,28,467,1172,467,13,0.7785410240482681,0.0003261078686802942
552,8904,28,467,1172,483,13,0.5540540540540541,0.010929010510183905
553,8904,28,471,28,498,11,0.35185185185185186,0.13672139581546566
554,8904,28,471,93,471,11,0.7222222222222222,0.0022540189597224933
555,8904,28,471,1172,471,11,0.35185185185185186,0.13672139581546566
556,8904,28,471,1172,498,11,0.35185185185185186,0.13672139581546566
557,8904,28,498,93,471,11,0.38888888888888884,0.10002030109766274
558,8904,28,498,1172,471,11,0.31481481481481477,0.1830349005562404
559,8904,28,498,1172,498,11,0.6481481481481481,0.006120429883206166
560,8904,82,371,93,467,13,0.11920791213585391,0.5794550490910293
561,8904,82,371,93,483,13,-0.013245323570650435,0.9509007642720422
562,8904,82,371,1172,467,13,0.30464244212496,0.15618101471989312
563,8904,82,371,1172,483,13,0.2400213361781992,0.26621292157349064
564,8904,93,467,93,483,13,0.7066666666666666,0.0010774725955096677
565,8904,93,467,1172,467,13,0.3199999999999999,0.1382342758496219
566,8904,93,467,1172,483,13,0.14765433214708534,0.4960725242297398
567,8904,93,471,1172,471,11,0.31481481481481477,0.1830349005562404
568,8904,93,471,1172,498,11,0.16666666666666666,0.4808755245036246
569,8904,93,483,1172,467,13,0.23999999999999996,0.26622461504731343
570,8904,93,483,1172,483,13,0.416116754232695,0.055074687530611476
571,8904,1172,467,1172,483,13,0.7248485396311463,0.0008204859863051757
572,8904,1172,471,1172,498,11,0.574074074074074,0.015183516079867024
573,8981,3,483,98,483,12,-0.09375,0.6779224972168323
574,8981,3,483,949,483,12,0.21875,0.33252886987103303
575,8981,98,483,949,483,12,0.03125,0.8898980249638104
576,9338,3,371,823,371,13,0.6143922080988025,0.003933787308560796
577,9338,3,467,81,467,12,0.442760992000533,0.046229060552390726
578,9338,3,467,98,371,12,0.5757575757575757,0.008757732750788306
579,9338,3,467,98,467,12,-0.03077287274483318,0.8904027809514472
580,9338,3,467,823,467,12,0.5649019553110248,0.010985158972948496
581,9338,3,467,941,371,12,0.04652421051992354,0.8356081953650434
582,9338,3,467,970,467,12,0.19847906537954926,0.37156462722472605
583,9338,3,471,3,498,12,0.5313148617302949,0.01841242002474927
584,9338,3,471,76,498,12,0.6201736729460423,0.005740346285995826
585,9338,3,471,81,471,12,0.36923076923076925,0.09823416806457871
586,9338,3,471,98,471,12,0.6153846153846154,0.005855018597125238
587,9338,3,471,941,498,12,0.38760854559127644,0.08427368626545069
588,9338,3,471,970,498,12,0.5625686771261945,0.0125645741505303
589,9338,3,471,1187,498,12,0.43076923076923085,0.05372409400944438
590,9338,3,471,1192,471,12,0.46153846153846156,0.03874884361564192
591,9338,3,471,1192,498,12,0.5116432801804849,0.02267532111097109
592,9338,3,483,60,483,14,0.22599230735278436,0.2699906635295748
593,9338,3,483,76,483,14,0.06858150659451082,0.7396980217166362
594,9338,3,483,81,483,14,0.6179775280898877,0.0024538198087407257
595,9338,3,483,98,483,14,0.37078651685393266,0.06915784300101092
596,9338,3,483,823,483,14,0.6778196197865085,0.0008095994510415193
597,9338,3,483,941,483,14,0.1910112359550562,0.34915489304814173
598,9338,3,483,970,483,14,0.38638858477914445,0.06011467368662482
599,9338,3,483,1187,483,14,0.29050732670006274,0.15278537988591606
600,9338,3,483,1192,483,14,0.03409311042168922,0.8682528958460082
601,9338,3,498,76,498,12,0.36221595330050943,0.10998521696010373
602,9338,3,498,81,471,12,0.406299600146696,0.07145440648058252
603,9338,3,498,98,471,12,0.8438530156892918,0.00018124548247543053
604,9338,3,498,941,498,12,0.5354496700964052,0.018145060732712204
605,9338,3,498,970,498,12,0.5555555555555555,0.014618596349060127
606,9338,3,498,1187,498,12,0.3750457847507963,0.09612865961674963
607,9338,3,498,1192,471,12,0.312538153958997,0.1655640761471594
608,9338,3,498,1192,498,12,0.7244319066010189,0.0013909657945450637
609,9338,60,483,76,483,14,0.6437206858203839,0.0018993600280759796
610,9338,60,483,81,483,14,0.4067861532350118,0.04708316818689263
611,9338,60,483,98,483,14,0.38418692249973335,0.060759315118164924
612,9338,60,483,823,483,14,0.11174753906691856,0.5823696629652255
613,9338,60,483,941,483,14,0.15819461514694902,0.4400203561506114
614,9338,60,483,970,483,14,0.5142941109928062,0.012709201246041824
615,9338,60,483,1187,483,14,0.1685499656158105,0.40874801011583217
616,9338,60,483,1192,483,14,0.5942954171472428,0.003983930578010939
617,9338,76,483,81,483,14,0.18288401758536216,0.37561282674906926
618,9338,76,483,98,483,14,0.3543377840716392,0.08604462169990082
619,9338,76,483,823,483,14,0.11303946105083808,0.5808403603117523
620,9338,76,483,941,483,14,0.20574451978353242,0.31888110892349053
621,9338,76,483,970,483,14,0.3583874902349549,0.08481507875518482
622,9338,76,483,1187,483,14,0.2159648741656499,0.29343584487434793
623,9338,76,483,1192,483,14,0.5433616787433188,0.008977591000740586
624,9338,76,498,81,471,12,0.1395390764128595,0.5342657064454457
625,9338,76,498,98,471,12,0.4186172292385786,0.06224832976035962
626,9338,76,498,941,498,12,0.3125,0.1662566850453281
627,9338,76,498,970,498,12,0.551198189805123,0.01501014649545201
628,9338,76,498,1187,498,12,0.44962591288588066,0.04521642153402682
629,9338,76,498,1192,471,12,0.2945824946493701,0.18949598907657272
630,9338,76,498,1192,498,12,0.375,0.09667350062716336
631,9338,81,467,98,371,12,0.3511552695176641,0.11390323413538203
632,9338,81,467,98,467,12,0.10853039276555741,0.628815448820621
633,9338,81,467,823,467,12,0.18461538461538463,0.40838577526881614
634,9338,81,467,941,371,12,0.1250152615835988,0.5791411995351003
635,9338,81,467,970,467,12,0.21538461538461542,0.3347816477470794
636,9338,81,471,98,471,12,0.4923076923076924,0.027479806211379045
637,9338,81,471,941,498,12,0.1395390764128595,0.5342657064454457
638,9338,81,471,970,498,12,0.28128433856309726,0.21205336328130298
639,9338,81,471,1187,498,12,0.21538461538461542,0.3347816477470794
640,9338,81,471,1192,471,12,0.2461538461538462,0.2703239378523804
641,9338,81,471,1192,498,12,0.3721042037676254,0.0974480154529693
642,9338,81,483,98,483,14,0.2584269662921349,0.20527552160633622
643,9338,81,483,823,483,14,0.4778072729642601,0.018219972081742756
644,9338,81,483,941,483,14,0.03370786516853933,0.8687731692328905
645,9338,81,483,970,483,14,0.22728740281126147,0.2687897670854942
646,9338,81,483,1187,483,14,0.0,1.0
647,9338,81,483,1192,483,14,0.19319429238957223,0.34722997246145704
648,9338,98,371,98,467,12,0.40004734568283135,0.0732404625356493
649,9338,98,371,823,467,12,0.5038314736557788,0.02331499638254381
650,9338,98,371,941,371,12,0.35668561398608045,0.1116223441408129
651,9338,98,371,970,467,12,0.32062002869004114,0.1489018745176366
652,9338,98,467,823,467,12,0.10853039276555741,0.628815448820621
653,9338,98,467,941,371,12,0.3464674335917916,0.1263214616454576
654,9338,98,467,970,467,12,0.1860521018838127,0.40728732956151303
655,9338,98,471,941,498,12,0.542651963827787,0.015650137723377103
656,9338,98,471,970,498,12,0.5000610463343952,0.026516783317790414
657,9338,98,471,1187,498,12,0.3076923076923077,0.1682353732382892
658,9338,98,471,1192,471,12,0.27692307692307694,0.2149360131124276
659,9338,98,471,1192,498,12,0.8527388003008082,0.00014580838327714473
660,9338,98,483,823,483,14,0.2777949261420117,0.1698323960735889
661,9338,98,483,941,483,14,0.6966292134831461,0.0006390269269145962
662,9338,98,483,970,483,14,0.6591334681526582,0.001341380605879636
663,9338,98,483,1187,483,14,0.6033613708385918,0.0029827957416864725
664,9338,98,483,1192,483,14,0.318202363935766,0.12157524888211686
665,9338,823,467,941,371,12,-0.09376144618769908,0.6774248597164698
666,9338,823,467,970,467,12,-0.18461538461538463,0.40838577526881614
667,9338,823,483,941,483,14,0.055558985228402344,0.7836631294772954
668,9338,823,483,970,483,14,0.10114913821769637,0.61976314396635
669,9338,823,483,1187,483,14,0.1546984936307524,0.44273701906434393
670,9338,823,483,1192,483,14,-0.14610431075889474,0.47355107915905326
671,9338,941,371,970,467,12,0.6407032156159438,0.004475730906125157
672,9338,941,467,1187,467,11,0.7592592592592592,0.0013218707803182444
673,9338,941,483,970,483,14,0.5568541368875906,0.006741680262462365
674,9338,941,483,1187,483,14,0.860348621380955,2.2927009396279727e-05
675,9338,941,483,1192,483,14,0.4204816952008337,0.04077312993572517
676,9338,941,498,970,498,12,0.4094615124266628,0.07080466367123346
677,9338,941,498,1187,498,12,0.2945824946493701,0.18949598907657272
678,9338,941,498,1192,471,12,0.4186172292385786,0.06224832976035962
679,9338,941,498,1192,498,12,0.578125,0.010436684530286226
680,9338,970,371,1192,371,11,0.2201927530252721,0.3487366601388051
681,9338,970,483,1187,483,14,0.5198486861092879,0.011093016957489116
682,9338,970,483,1192,483,14,0.4137931034482758,0.045670632060713104
683,9338,970,498,1187,498,12,0.18752289237539815,0.4054318645873807
684,9338,970,498,1192,471,12,0.12501526158359877,0.5791411995351003
685,9338,970,498,1192,498,12,0.5354496700964052,0.018145060732712204
686,9338,1187,483,1192,483,14,0.3390317518104051,0.097648550226171
687,9338,1187,498,1192,471,12,0.7692307692307693,0.0005716084710595353
688,9338,1187,498,1192,498,12,0.1395390764128595,0.5342657064454457
689,9338,1192,471,1192,498,12,0.1395390764128595,0.5342657064454457
690,9339,3,467,60,467,13,0.4933333333333333,0.022461979628479817
691,9339,3,467,82,467,13,0.3490011487112926,0.10764138292757004
692,9339,3,467,823,467,13,0.4266666666666666,0.04837916875783806
693,9339,3,467,1184,467,13,0.2933333333333333,0.17473655154728474
694,9339,3,471,3,498,12,0.8308675641104959,0.0001988655780316168
695,9339,3,471,60,471,12,0.2946533332928491,0.18875957054112558
696,9339,3,471,60,498,12,0.1679438245519263,0.4496025895128464
697,9339,3,471,61,471,12,0.5038314736557788,0.02331499638254381
698,9339,3,471,61,498,12,0.7786486411043856,0.00045583384693797136
699,9339,3,471,82,471,12,0.21541010921383227,0.3347642675428819
700,9339,3,471,82,498,12,0.03077287274483318,0.8904027809514472
701,9339,3,471,93,471,12,-0.04580286124143445,0.8366323297132776
702,9339,3,471,98,498,12,0.13740858372430334,0.5361739338988774
703,9339,3,471,823,471,12,0.5343667144834019,0.016141430453050772
704,9339,3,471,1172,471,12,0.4615930911724977,0.03874183846329154
705,9339,3,471,1172,498,12,0.04580286124143445,0.8366323297132776
706,9339,3,471,1181,471,12,0.5649019553110248,0.010985158972948496
707,9339,3,471,1184,471,12,0.5649019553110248,0.010985158972948496
708,9339,3,483,60,483,14,0.5142941109928062,0.012800476660339986
709,9339,3,483,61,483,14,0.18497418850836383,0.37422477894228734
710,9339,3,483,82,483,14,0.1371450962647483,0.5068144633792976
711,9339,3,483,93,483,14,0.09143006417649888,0.6581004046301491
712,9339,3,483,823,483,14,0.45715032088249435,0.026919247493874445
713,9339,3,483,1184,483,14,0.23121773563545475,0.26668266877684166
714,9339,3,498,60,471,12,0.314970394174356,0.1645923679647816
715,9339,3,498,60,498,12,0.17054776006016165,0.4474815336196829
716,9339,3,498,61,471,12,0.5116432801804849,0.02267532111097109
717,9339,3,498,61,498,12,0.8682431421244593,0.00011011095727481463
718,9339,3,498,82,471,12,0.28125,0.2128014050461977
719,9339,3,498,82,498,12,0.03125,0.8898980249638104
720,9339,3,498,93,471,12,0.015504341823651058,0.9449447273584611
721,9339,3,498,98,498,12,0.20155644370746376,0.3693278178466265
722,9339,3,498,823,471,12,0.35659986194397436,0.11221915991523661
723,9339,3,498,1172,471,12,0.40625,0.07191873745157822
724,9339,3,498,1172,498,12,-0.10853039276555741,0.628815448820621
725,9339,3,498,1181,471,12,0.6356780147696934,0.004635742977042638
726,9339,3,498,1184,471,12,0.4806345965331828,0.032294337726940396
727,9339,60,467,82,467,13,0.21476993766848776,0.3221333670630844
728,9339,60,467,823,467,13,0.4933333333333333,0.022461979628479817
729,9339,60,467,1184,467,13,0.1333333333333333,0.5373125109326713
730,9339,60,471,60,498,12,0.312538153958997,0.1655640761471594
731,9339,60,471,61,471,12,0.1562690769794985,0.48812161956343303
732,9339,60,471,61,498,12,0.4531803232405456,0.04437105014537093
733,9339,60,471,82,471,12,0.4252100321353806,0.06062538181486971
734,9339,60,471,82,498,12,0.4252100321353806,0.06062538181486971
735,9339,60,471,93,471,12,0.25003052316719754,0.2673097583097861
736,9339,60,471,98,498,12,0.6875839387097933,0.0022844715356567505
737,9339,60,471,823,471,12,0.28128433856309726,0.21205336328130298
738,9339,60,471,1172,471,12,0.3779644730092272,0.09536553676944752
739,9339,60,471,1172,498,12,0.09376144618769908,0.6774248597164698
740,9339,60,471,1181,471,12,0.5000610463343951,0.026516783317790414
741,9339,60,471,1184,471,12,0.1562690769794985,0.48812161956343303
742,9339,60,483,61,483,14,0.2988703184166069,0.1493433078082603
743,9339,60,483,82,483,14,-0.056818181818181816,0.7824117152842756
744,9339,60,483,93,483,14,0.011363636363636362,0.9559508425079332
745,9339,60,483,823,483,14,0.47727272727272724,0.020346761230290757
746,9339,60,483,1184,483,14,0.1954152081954737,0.34580813239010344
747,9339,60,498,61,471,12,0.0,1.0
748,9339,60,498,61,498,12,0.1230769230769231,0.5815250706115811
749,9339,60,498,82,471,12,0.7131997238879487,0.0014901532666585443
750,9339,60,498,82,498,12,0.7442084075352507,0.0009173919133463979
751,9339,60,498,93,471,12,0.36923076923076925,0.09823416806457871
752,9339,60,498,98,498,12,0.5384615384615385,0.015894976127587095
753,9339,60,498,823,471,12,0.21538461538461542,0.3347816477470794
754,9339,60,498,1172,471,12,0.17054776006016165,0.4474815336196829
755,9339,60,498,1172,498,12,0.1230769230769231,0.5815250706115811
756,9339,60,498,1181,471,12,0.5538461538461539,0.013130393607248955
757,9339,60,498,1184,471,12,-0.030769230769230774,0.8904066970721064
758,9339,61,471,61,498,12,0.5846153846153846,0.008844614017178907
759,9339,61,471,82,471,12,0.015504341823651058,0.9449447273584611
760,9339,61,471,82,498,12,0.1395390764128595,0.5342657064454457
761,9339,61,471,93,471,12,0.21538461538461542,0.3347816477470794
762,9339,61,471,98,498,12,0.27692307692307694,0.2149360131124276
763,9339,61,471,823,471,12,0.4000000000000001,0.07325079376761233
764,9339,61,471,1172,471,12,0.3255911782966722,0.14700711485878207
765,9339,61,471,1172,498,12,-0.030769230769230774,0.8904066970721064
766,9339,61,471,1181,471,12,0.36923076923076925,0.09823416806457871
767,9339,61,471,1184,471,12,0.3076923076923077,0.1682353732382892
768,9339,61,483,82,483,14,0.20691022044226628,0.31817887285677604
769,9339,61,483,93,483,14,0.06897007348075543,0.7393337617797834
770,9339,61,483,823,483,14,0.6782057225607617,0.001068267745888245
771,9339,61,483,1184,483,14,-0.1744186046511628,0.40364631905272697
772,9339,61,498,82,471,12,0.1395390764128595,0.5342657064454457
773,9339,61,498,82,498,12,0.10853039276555741,0.628815448820621
774,9339,61,498,93,471,12,-0.030769230769230774,0.8904066970721064
775,9339,61,498,98,498,12,0.33846153846153854,0.1295988463052143
776,9339,61,498,823,471,12,0.36923076923076925,0.09823416806457871
777,9339,61,498,1172,471,12,0.35659986194397436,0.11221915991523661
778,9339,61,498,1172,498,12,0.0,1.0
779,9339,61,498,1181,471,12,0.5846153846153846,0.008844614017178907
780,9339,61,498,1184,471,12,0.4000000000000001,0.07325079376761233
781,9339,82,467,823,467,13,0.5637710863797804,0.00935042530160737
782,9339,82,467,1184,467,13,-0.013423121104280485,0.9506582265185316
783,9339,82,471,82,498,12,0.640625,0.0045414038901259906
784,9339,82,471,93,471,12,0.3255911782966722,0.14700711485878207
785,9339,82,471,98,498,12,0.49613893835683387,0.027118716544582568
786,9339,82,471,823,471,12,0.263573811002068,0.24041154098900808
787,9339,82,471,1172,471,12,0.21875,0.33252886987103303
788,9339,82,471,1172,498,12,-0.015504341823651058,0.9449447273584611
789,9339,82,471,1181,471,12,0.5736606474750892,0.010616134170032876
790,9339,82,471,1184,471,12,0.07752170911825529,0.7298823843615496
791,9339,82,483,93,483,14,-0.07954545454545453,0.6990164169010809
792,9339,82,483,823,483,14,0.375,0.06833797659772675
793,9339,82,483,1184,483,14,0.034485036740377714,0.8678674539919811
794,9339,82,498,93,471,12,0.5116432801804849,0.02267532111097109
795,9339,82,498,98,498,12,0.6511823565933444,0.0037272392778565
796,9339,82,498,823,471,12,0.35659986194397436,0.11221915991523661
797,9339,82,498,1172,471,12,0.28125,0.2128014050461977
798,9339,82,498,1172,498,12,0.10853039276555741,0.628815448820621
799,9339,82,498,1181,471,12,0.4186172292385786,0.06224832976035962
800,9339,82,498,1184,471,12,-0.10853039276555741,0.628815448820621
801,9339,93,471,98,498,12,0.4923076923076924,0.027479806211379045
802,9339,93,471,823,471,12,0.18461538461538463,0.40838577526881614
803,9339,93,471,1172,471,12,0.17054776006016165,0.4474815336196829
804,9339,93,471,1172,498,12,-0.33846153846153854,0.1295988463052143
805,9339,93,471,1181,471,12,0.33846153846153854,0.1295988463052143
806,9339,93,471,1184,471,12,-0.06153846153846155,0.7828712738733344
807,9339,93,483,823,483,14,-0.056818181818181816,0.7824117152842756
808,9339,93,483,1184,483,14,0.48279051436528797,0.019851107741229744
809,9339,93,498,823,498,11,0.587180674734059,0.01246215829454031
810,9339,93,498,1184,498,11,0.36698792170878686,0.11834981273562825
811,9339,98,498,823,471,12,0.2461538461538462,0.2703239378523804
812,9339,98,498,1172,471,12,0.20155644370746376,0.3693278178466265
813,9339,98,498,1172,498,12,0.030769230769230774,0.8904066970721064
814,9339,98,498,1181,471,12,0.5846153846153846,0.008844614017178907
815,9339,98,498,1184,471,12,0.0,1.0
816,9339,823,467,1184,467,13,0.0,1.0
817,9339,823,471,1172,471,12,0.5116432801804849,0.02267532111097109
818,9339,823,471,1172,498,12,0.15384615384615385,0.49085596420282873
819,9339,823,471,1181,471,12,0.43076923076923085,0.05372409400944438
820,9339,823,471,1184,471,12,0.4000000000000001,0.07325079376761233
821,9339,823,483,1184,483,14,-0.08046508572754799,0.6978741695512368
822,9339,823,498,1184,498,11,0.3333333333333333,0.15860164569939683
823,9339,1172,471,1172,498,12,0.21706078553111482,0.3336492373799672
824,9339,1172,471,1181,471,12,0.4186172292385786,0.06224832976035962
825,9339,1172,471,1184,471,12,0.5736606474750892,0.010616134170032876
826,9339,1172,498,1181,471,12,-0.18461538461538463,0.40838577526881614
827,9339,1172,498,1184,471,12,0.09230769230769231,0.6793364108057058
828,9339,1181,471,1184,471,12,0.36923076923076925,0.09823416806457871
829,9340,3,371,3,467,13,0.49674263633520194,0.01973869395442171
830,9340,3,371,1212,467,13,0.06536087320200026,0.7590358502894777
831,9340,3,467,1212,467,13,0.20779220779220778,0.32719850593286803
832,9340,3,471,941,471,12,-0.0625076307917994,0.7815345587310081
833,9340,3,471,1187,471,12,0.43412157106222965,0.053164893018724686
834,9340,3,471,1212,471,12,0.1395390764128595,0.5342657064454457
835,9340,3,483,102,483,15,0.6169230579301932,0.0018897717591348153
836,9340,3,483,1212,483,15,0.27452299738534586,0.1624256207898639
837,9340,102,467,1187,467,12,0.546875,0.015410657052077996
838,9340,102,483,1212,483,15,0.42369158961064607,0.03171730651664823
839,9340,102,498,1212,498,13,0.1579084067903445,0.4607790693820184
840,9340,941,471,1187,471,12,0.2992218744656382,0.18673440848930145
841,9340,941,471,1212,471,12,-0.1732337167958958,0.44463783256195044
842,9340,941,483,1187,483,14,0.31034482758620685,0.13471801254880164
843,9340,1187,471,1212,471,12,0.0625,0.7818826256238891
844,9341,3,371,67,371,12,0.4806345965331828,0.032294337726940396
845,9341,3,371,81,371,12,0.18461538461538463,0.40838577526881614
846,9341,3,371,1019,371,12,0.015504341823651058,0.9449447273584611
847,9341,3,467,60,371,13,0.013072174640400051,0.9510809279915328
848,9341,3,467,60,467,13,0.8079647378096765,0.00017257143004933712
849,9341,3,467,61,371,13,-0.09150522248280035,0.6675986927538994
850,9341,3,467,61,467,13,0.9999999999999998,2.9954815934341095e-06
851,9341,3,467,67,467,13,0.47683164854341564,0.02645065232329987
852,9341,3,467,74,467,13,0.3947368421052631,0.06520254489134934
853,9341,3,467,81,467,13,0.13157894736842105,0.5388041912775858
854,9341,3,467,81,498,13,-0.28947368421052627,0.17632124684306305
855,9341,3,467,93,467,13,0.3660208899312014,0.08583602991823239
856,9341,3,467,1019,467,13,0.37909306457160147,0.07521789765420396
857,9341,3,467,1179,371,13,0.03947368421052631,0.8537101132751775
858,9341,3,467,1179,467,13,0.4575261124140018,0.03177498034687382
859,9341,3,467,1179,498,13,-0.18421052631578944,0.3895293500965923
860,9341,3,467,1181,371,13,0.18421052631578944,0.3895293500965923
861,9341,3,467,1181,467,13,-0.039735970711951306,0.8534431940553564
862,9341,3,483,7,483,14,0.40000653077218257,0.05285534042971692
863,9341,3,483,12,483,14,0.42699324622671997,0.036368458823964694
864,9341,3,483,60,483,14,0.6477272727272727,0.0016415349519749366
865,9341,3,483,61,483,14,0.8068181818181818,8.791878910231842e-05
866,9341,3,483,67,483,14,0.33335535515698456,0.10778639413791975
867,9341,3,483,74,483,14,0.22599230735278436,0.2699906635295748
868,9341,3,483,81,483,14,0.16000261230887303,0.4386704165570785
869,9341,3,483,93,483,14,0.16949423051458826,0.40805965293951385
870,9341,3,483,102,483,14,0.5084826915437648,0.013066959493722365
871,9341,3,483,1019,483,14,0.35028807639681575,0.08730650928700585
872,9341,3,483,1179,483,14,0.5536811530143216,0.006880860475603542
873,9341,3,483,1181,483,14,0.17045454545454544,0.4073689473344244
874,9341,7,371,12,371,12,0.8308675641104959,0.0001988655780316168
875,9341,7,471,7,498,12,-0.36923076923076925,0.09823416806457871
876,9341,7,471,12,471,12,0.21538461538461542,0.3347816477470794
877,9341,7,471,12,498,12,-0.44962591288588066,0.04521642153402682
878,9341,7,471,60,498,12,-0.10853039276555741,0.628815448820621
879,9341,7,471,67,471,12,0.3255911782966722,0.14700711485878207
880,9341,7,471,67,498,12,-0.36923076923076925,0.09823416806457871
881,9341,7,471,74,498,12,-0.2461538461538462,0.2703239378523804
882,9341,7,471,81,471,12,-0.10687334289668038,0.6304167324095717
883,9341,7,471,93,471,12,-0.38760854559127644,0.08427368626545069
884,9341,7,471,102,498,12,0.13740858372430334,0.5361739338988774
885,9341,7,471,1019,498,12,-0.43076923076923085,0.05372409400944438
886,9341,7,471,1181,471,12,0.04651302547095317,0.835877724639172
887,9341,7,483,12,483,14,0.41813916056616635,0.04127332317951904
888,9341,7,483,60,483,14,0.24000391846330954,0.24537337248944258
889,9341,7,483,61,483,14,0.21714640241918484,0.2932465475621052
890,9341,7,483,67,483,14,0.40463103736204586,0.05192134856776599
891,9341,7,483,74,483,14,-0.05682185070281536,0.7824081594490038
892,9341,7,483,81,483,14,0.43678160919540227,0.035279648518911605
893,9341,7,483,93,483,14,0.09091496112450459,0.6585677546006825
894,9341,7,483,102,483,14,0.022728740281126147,0.9120343697793479
895,9341,7,483,1019,483,14,-0.05682185070281536,0.7824081594490038
896,9341,7,483,1179,483,14,0.1704655521084461,0.4073610848624646
897,9341,7,483,1181,483,14,0.46857907890455675,0.023328965998765747
898,9341,7,498,12,471,12,0.06153846153846155,0.7828712738733344
899,9341,7,498,12,498,12,0.38760854559127644,0.08427368626545069
900,9341,7,498,60,498,12,0.24806946917841693,0.26920189512270376
901,9341,7,498,67,471,12,-0.07752170911825529,0.7298823843615496
902,9341,7,498,67,498,12,0.15384615384615385,0.49085596420282873
903,9341,7,498,74,498,12,0.15384615384615385,0.49085596420282873
904,9341,7,498,81,471,12,0.5038314736557788,0.02331499638254381
905,9341,7,498,93,471,12,0.3255911782966722,0.14700711485878207
906,9341,7,498,102,498,12,0.04580286124143444,0.8366323297132776
907,9341,7,498,1019,498,12,0.4000000000000001,0.07325079376761233
908,9341,7,498,1181,471,12,-0.04651302547095317,0.835877724639172
909,9341,12,471,12,498,12,-0.015504341823651058,0.9449447273584611
910,9341,12,471,60,498,12,0.38760854559127644,0.08427368626545069
911,9341,12,471,67,471,12,0.07752170911825529,0.7298823843615496
912,9341,12,471,67,498,12,-0.2461538461538462,0.2703239378523804
913,9341,12,471,74,498,12,-0.21538461538461542,0.3347816477470794
914,9341,12,471,81,471,12,-0.07633810206905742,0.7310931976144446
915,9341,12,471,93,471,12,-0.015504341823651058,0.9449447273584611
916,9341,12,471,102,498,12,0.41222575117291005,0.06347819641136146
917,9341,12,471,1019,498,12,-0.09230769230769231,0.6793364108057058
918,9341,12,471,1181,471,12,-0.07752170911825529,0.7298823843615496
919,9341,12,483,60,483,14,0.11236664374387369,0.5818170084030487
920,9341,12,483,61,483,14,0.22473328748774737,0.2706942611872927
921,9341,12,483,67,483,14,0.5910617608744103,0.004035606668433084
922,9341,12,483,74,483,14,0.2011204569461973,0.3222547099669225
923,9341,12,483,81,483,14,0.31642963502304483,0.1224988912241604
924,9341,12,483,93,483,14,-0.10056022847309865,0.6206583106193826
925,9341,12,483,102,483,14,0.011173358719233183,0.9561457608482372
926,9341,12,483,1019,483,14,-0.14525366335003137,0.47468262247849213
927,9341,12,483,1179,483,14,0.15642702206926457,0.44137596159480075
928,9341,12,483,1181,483,14,0.43822991060110733,0.03172511284811595
929,9341,12,498,60,498,12,-0.09375,0.6779224972168323
930,9341,12,498,67,471,12,-0.03125,0.8898980249638104
931,9341,12,498,67,498,12,0.3255911782966722,0.14700711485878207
932,9341,12,498,74,498,12,0.12403473458920847,0.5806392701595806
933,9341,12,498,81,471,12,0.5231388366621641,0.019154644780425875
934,9341,12,498,93,471,12,0.515625,0.02236280343720945
935,9341,12,498,102,498,12,-0.06154574548966636,0.7828636615476965
936,9341,12,498,1019,498,12,0.44962591288588066,0.04521642153402682
937,9341,12,498,1181,471,12,0.03125,0.8898980249638104
938,9341,60,371,60,467,13,0.10527227119356303,0.6229245530471931
939,9341,60,371,61,371,13,-0.025974025974025972,0.9025255815925958
940,9341,60,371,61,467,13,0.013072174640400051,0.9510809279915328
941,9341,60,371,67,467,13,0.10527227119356303,0.6224860034116182
942,9341,60,371,74,467,13,0.32680436601000123,0.12509469454799962
943,9341,60,371,81,467,13,-0.24837131816760094,0.24376038835352554
944,9341,60,371,81,498,13,-0.19608261960600076,0.3574466229929747
945,9341,60,371,93,467,13,0.0779220779220779,0.7133097608196015
946,9341,60,371,1019,467,13,0.1818181818181818,0.3912786653921221
947,9341,60,371,1179,371,13,0.24837131816760094,0.24376038835352554
948,9341,60,371,1179,467,13,0.2597402597402597,0.2206824578488471
949,9341,60,371,1179,498,13,0.16993827032520067,0.4251360019960839
950,9341,60,371,1181,371,13,0.5359591602564021,0.01189221944987187
951,9341,60,371,1181,467,13,0.052636135596781514,0.8057945808966378
952,9341,60,467,61,371,13,-0.13159033899195377,0.538794359670684
953,9341,60,467,61,467,13,0.8079647378096765,0.00017257143004933712
954,9341,60,467,67,467,13,0.3866666666666666,0.07325613753870086
955,9341,60,467,74,467,13,0.30464244212496,0.15670522605464607
956,9341,60,467,81,467,13,0.2251705007010574,0.2951982228789659
957,9341,60,467,81,498,13,-0.25166114784235827,0.24202614006036238
958,9341,60,467,93,467,13,0.25002164408471217,0.2428831600872956
959,9341,60,467,1019,467,13,0.315816813580689,0.14017780749227593
960,9341,60,467,1179,371,13,0.13245323570650436,0.5380552051668417
961,9341,60,467,1179,467,13,0.5263613559678151,0.013949985855587797
962,9341,60,467,1179,498,13,-0.039735970711951306,0.8534431940553564
963,9341,60,467,1181,371,13,0.3841143835488626,0.0741488160320456
964,9341,60,467,1181,467,13,-0.07999999999999997,0.711286192790417
965,9341,60,483,61,483,14,0.8409090909090908,4.361830449462126e-05
966,9341,60,483,67,483,14,0.034485036740377714,0.8678674539919811
967,9341,60,483,74,483,14,0.27119076882334126,0.1856024098184219
968,9341,60,483,81,483,14,0.06857254813237416,0.739962492253547
969,9341,60,483,93,483,14,0.28249038419098044,0.16793944290658325
970,9341,60,483,102,483,14,0.5536811530143216,0.006880860475603542
971,9341,60,483,1019,483,14,0.44068499933792943,0.03147510164187908
972,9341,60,483,1179,483,14,0.5649807683819609,0.005820778637854447
973,9341,60,483,1181,483,14,0.10227272727272727,0.6191047470377367
974,9341,60,498,67,471,12,-0.28125,0.2128014050461977
975,9341,60,498,67,498,12,-0.015504341823651058,0.9449447273584611
976,9341,60,498,74,498,12,-0.35659986194397436,0.11221915991523661
977,9341,60,498,81,471,12,-0.06154574548966636,0.7828636615476965
978,9341,60,498,93,471,12,0.34375,0.1278173379471354
979,9341,60,498,102,498,12,0.0,1.0
980,9341,60,498,1019,498,12,-0.07752170911825529,0.7298823843615496
981,9341,60,498,1181,471,12,-0.4375,0.052615241994887915
982,9341,61,371,61,467,13,-0.09150522248280035,0.6675986927538994
983,9341,61,371,67,467,13,-0.10527227119356303,0.6224860034116182
984,9341,61,371,74,467,13,0.22222696888680085,0.2969759637474312
985,9341,61,371,81,467,13,0.22222696888680085,0.2969759637474312
986,9341,61,371,81,498,13,-0.06536087320200026,0.7590358502894777
987,9341,61,371,93,467,13,0.1558441558441558,0.46244348543443425
988,9341,61,371,1019,467,13,0.20779220779220778,0.32719850593286803
989,9341,61,371,1179,371,13,-0.013072174640400051,0.9510809279915328
990,9341,61,371,1179,467,13,-0.10389610389610389,0.6242144481736782
991,9341,61,371,1179,498,13,-0.14379392104440056,0.4997750760935106
992,9341,61,371,1181,371,13,-0.19608261960600076,0.3574466229929747
993,9341,61,371,1181,467,13,0.25002164408471217,0.2428831600872956
994,9341,61,467,67,467,13,0.47683164854341564,0.02645065232329987
995,9341,61,467,74,467,13,0.3947368421052631,0.06520254489134934
996,9341,61,467,81,467,13,0.13157894736842105,0.5388041912775858
997,9341,61,467,81,498,13,-0.28947368421052627,0.17632124684306305
998,9341,61,467,93,467,13,0.3660208899312014,0.08583602991823239
999,9341,61,467,1019,467,13,0.37909306457160147,0.07521789765420396
1000,9341,61,467,1179,371,13,0.03947368421052631,0.8537101132751775
1001,9341,61,467,1179,467,13,0.4575261124140018,0.03177498034687382
1002,9341,61,467,1179,498,13,-0.18421052631578944,0.3895293500965923
1003,9341,61,467,1181,371,13,0.18421052631578944,0.3895293500965923
1004,9341,61,467,1181,467,13,-0.039735970711951306,0.8534431940553564
1005,9341,61,483,67,483,14,0.14943515920830344,0.4709541489975748
1006,9341,61,483,74,483,14,0.3389884610291765,0.09800036867304011
1007,9341,61,483,81,483,14,0.0,1.0
1008,9341,61,483,93,483,14,0.35028807639681575,0.08730650928700585
1009,9341,61,483,102,483,14,0.6666773066907138,0.0011375304305913194
1010,9341,61,483,1019,483,14,0.5536811530143216,0.006880860475603542
1011,9341,61,483,1179,483,14,0.4519846147055687,0.027372230915508337
1012,9341,61,483,1181,483,14,0.03409090909090909,0.8683879166628317
1013,9341,67,371,81,371,12,0.1395390764128595,0.5342657064454457
1014,9341,67,371,1019,371,12,0.046875,0.8355023653623918
1015,9341,67,467,74,467,13,0.5960395606792696,0.005530139488318557
1016,9341,67,467,81,467,13,0.30464244212496,0.15618101471989312
1017,9341,67,467,81,498,13,-0.039735970711951306,0.8532597210630853
1018,9341,67,467,93,467,13,-0.06579516949597689,0.7583058150029209
1019,9341,67,467,1019,467,13,0.5789974915645967,0.006772764970580716
1020,9341,67,467,1179,371,13,-0.07947194142390261,0.7114407908852416
1021,9341,67,467,1179,467,13,0.42108908477425205,0.04891630910009111
1022,9341,67,467,1179,498,13,-0.17218920641845567,0.4228439007829051
1023,9341,67,467,1181,371,13,-0.039735970711951306,0.8532597210630853
1024,9341,67,467,1181,467,13,0.2666666666666666,0.21670691810029152
1025,9341,67,471,67,498,12,0.1395390764128595,0.5342657064454457
1026,9341,67,471,74,498,12,0.10853039276555741,0.628815448820621
1027,9341,67,471,81,471,12,0.1538643637241659,0.49084037311371653
1028,9341,67,471,93,471,12,-0.21875,0.33252886987103303
1029,9341,67,471,102,498,12,0.4615930911724977,0.03874183846329154
1030,9341,67,471,1019,498,12,0.015504341823651058,0.9449447273584611
1031,9341,67,471,1181,471,12,0.25,0.26809252486303725
1032,9341,67,483,74,483,14,0.20574451978353242,0.31888110892349053
1033,9341,67,483,81,483,14,0.023121773563545476,0.9115581061986773
1034,9341,67,483,93,483,14,0.24003527308078784,0.24487557619486988
1035,9341,67,483,102,483,14,0.2628957752789581,0.20279190190908347
1036,9341,67,483,1019,483,14,0.10287225989176621,0.6182162965100084
1037,9341,67,483,1179,483,14,0.09144200879268108,0.6577625800208629
1038,9341,67,483,1181,483,14,0.4253154531313251,0.040182254066512886
1039,9341,67,498,74,498,12,0.21538461538461542,0.3347816477470794
1040,9341,67,498,81,471,12,0.32062002869004114,0.1489018745176366
1041,9341,67,498,93,471,12,0.44962591288588066,0.04521642153402682
1042,9341,67,498,102,498,12,-0.015267620413811482,0.9452010837327357
1043,9341,67,498,1019,498,12,0.38461538461538464,0.08500249487509667
1044,9341,67,498,1181,471,12,0.015504341823651058,0.9449447273584611
1045,9341,74,467,81,467,13,0.18421052631578944,0.3895293500965923
1046,9341,74,467,81,498,13,-0.10526315789473682,0.6229329717637246
1047,9341,74,467,93,467,13,0.09150522248280035,0.6675986927538994
1048,9341,74,467,1019,467,13,0.6536087320200025,0.002158781601531687
1049,9341,74,467,1179,371,13,0.05263157894736841,0.8057991897308128
1050,9341,74,467,1179,467,13,0.4313817631332017,0.04291553691367748
1051,9341,74,467,1179,498,13,0.0,1.0
1052,9341,74,467,1181,371,13,0.026315789473684206,0.902166918005222
1053,9341,74,467,1181,467,13,0.2781517949836591,0.19598036054066525
1054,9341,74,483,81,483,14,-0.05682185070281537,0.7824081594490038
1055,9341,74,483,93,483,14,0.37078651685393266,0.06915784300101092
1056,9341,74,483,102,483,14,0.6292134831460675,0.0020420255759156496
1057,9341,74,483,1019,483,14,0.2584269662921349,0.20527552160633622
1058,9341,74,483,1179,483,14,0.41573033707865176,0.041582287691283575
1059,9341,74,483,1181,483,14,0.4858834608084864,0.017709780741446416
1060,9341,74,498,81,471,12,0.04580286124143444,0.8366323297132776
1061,9341,74,498,93,471,12,-0.062017367294604234,0.7823748015396693
1062,9341,74,498,102,498,12,0.10687334289668038,0.6304167324095717
1063,9341,74,498,1019,498,12,0.15384615384615385,0.49085596420282873
1064,9341,74,498,1181,471,12,0.4806345965331828,0.032294337726940396
1065,9341,81,371,1019,371,12,0.527147622004136,0.018878700408772278
1066,9341,81,467,81,498,13,0.28947368421052627,0.17632124684306305
1067,9341,81,467,93,467,13,0.19608261960600076,0.3574466229929747
1068,9341,81,467,1019,467,13,0.4575261124140018,0.03177498034687382
1069,9341,81,467,1179,371,13,-0.28947368421052627,0.17632124684306305
1070,9341,81,467,1179,467,13,0.09150522248280035,0.6675986927538994
1071,9341,81,467,1179,498,13,-0.15789473684210523,0.460789926431724
1072,9341,81,467,1181,371,13,-0.026315789473684206,0.902166918005222
1073,9341,81,467,1181,467,13,0.06622661785325218,0.7581749556483244
1074,9341,81,471,93,471,12,0.27695585470349865,0.2149195213707229
1075,9341,81,471,102,498,12,0.0909090909090909,0.7373055246579552
1076,9341,81,471,1019,498,12,0.13740858372430334,0.5361739338988774
1077,9341,81,471,1181,471,12,0.1538643637241659,0.49084037311371653
1078,9341,81,483,93,483,14,0.011364370140563074,0.9559501048210138
1079,9341,81,483,102,483,14,-0.2159230326706984,0.2939516410659134
1080,9341,81,483,1019,483,14,-0.011364370140563074,0.9559501048210138
1081,9341,81,483,1179,483,14,-0.034093110421689214,0.8683857304462386
1082,9341,81,483,1181,483,14,0.285718950551559,0.16668656450517794
1083,9341,81,498,93,467,13,-0.11764957176360044,0.5808491217202413
1084,9341,81,498,1019,467,13,-0.11764957176360044,0.5808491217202413
1085,9341,81,498,1179,371,13,-0.5526315789473683,0.00983966141287192
1086,9341,81,498,1179,467,13,-0.24837131816760097,0.24376038835352554
1087,9341,81,498,1179,498,13,0.23684210526315783,0.2685879862879831
1088,9341,81,498,1181,371,13,-0.026315789473684206,0.902166918005222
1089,9341,81,498,1181,467,13,-0.14569855927715478,0.4981951987580159
1090,9341,93,467,1019,467,13,0.23376623376623373,0.27035565638957615
1091,9341,93,467,1179,371,13,-0.026144349280800103,0.9023455716670818
1092,9341,93,467,1179,467,13,-0.0779220779220779,0.7133097608196015
1093,9341,93,467,1179,498,13,0.039216523921200154,0.8539755794678501
1094,9341,93,467,1181,371,13,0.11764957176360046,0.5808491217202413
1095,9341,93,467,1181,467,13,-0.1579084067903445,0.4607790693820184
1096,9341,93,471,102,498,12,-0.12309149097933272,0.5815114852079422
1097,9341,93,471,1019,498,12,0.3255911782966722,0.14700711485878207
1098,9341,93,471,1181,471,12,-0.46875,0.037847854821619516
1099,9341,93,483,102,483,14,0.47191011235955066,0.020720534478245317
1100,9341,93,483,1019,483,14,0.7640449438202248,0.00018045189706616783
1101,9341,93,483,1179,483,14,0.07865168539325844,0.6998622802875212
1102,9341,93,483,1181,483,14,0.11299615367639218,0.581262163871195
1103,9341,102,483,1019,483,14,0.4943820224719102,0.015385175845761673
1104,9341,102,483,1179,483,14,0.46067415730337086,0.023947782871830425
1105,9341,102,483,1181,483,14,0.18079384588222747,0.3775241848053885
1106,9341,102,498,1019,498,12,-0.13740858372430334,0.5361739338988774
1107,9341,102,498,1181,471,12,-0.03077287274483318,0.8904027809514472
1108,9341,1019,467,1179,371,13,0.14379392104440056,0.4997750760935106
1109,9341,1019,467,1179,467,13,0.23376623376623373,0.27035565638957615
1110,9341,1019,467,1179,498,13,-0.16993827032520067,0.4251360019960839
1111,9341,1019,467,1181,371,13,-0.039216523921200154,0.8539755794678501
1112,9341,1019,467,1181,467,13,0.052636135596781514,0.8057945808966378
1113,9341,1019,483,1179,483,14,0.12359550561797755,0.5446503985791893
1114,9341,1019,483,1181,483,14,-0.11299615367639218,0.581262163871195
1115,9341,1019,498,1181,471,12,0.04651302547095317,0.835877724639172
1116,9341,1179,371,1179,467,13,0.11764957176360044,0.5808491217202413
1117,9341,1179,371,1179,498,13,0.0,1.0
1118,9341,1179,371,1181,371,13,0.18421052631578944,0.3895293500965923
1119,9341,1179,371,1181,467,13,-0.09271726499455304,0.6664468566028743
1120,9341,1179,467,1179,498,13,-0.14379392104440056,0.4997750760935106
1121,9341,1179,467,1181,371,13,0.22222696888680085,0.2969759637474312
1122,9341,1179,467,1181,467,13,0.19738550848793066,0.35655165269257105
1123,9341,1179,483,1181,483,14,0.3276888456615373,0.10971579123820448
1124,9341,1179,498,1181,371,13,0.21052631578947364,0.32541274442496537
1125,9341,1179,498,1181,467,13,-0.013245323570650435,0.9509007642720422
1126,9341,1181,371,1181,467,13,-0.3576237364075618,0.09640400969296992
1127,9342,3,371,941,371,13,0.41060503069016346,0.05628204864189064
1128,9342,3,371,941,467,13,0.3660208899312014,0.08583602991823239
1129,9342,3,371,1159,467,13,0.5467152657392316,0.011325469078429004
1130,9342,3,371,1187,371,13,0.07894736842105261,0.7122966530350233
1131,9342,3,371,1187,467,13,0.013157894736842103,0.9509910944951951
1132,9342,3,483,67,483,15,0.21107926341908753,0.2906422024089198
1133,9342,3,483,100,483,15,0.40816326530612246,0.04268245100401198
1134,9342,3,483,941,483,15,0.08957995898035084,0.6514052364329991
1135,9342,3,483,1159,483,15,0.8061224489795918,6.256067533290831e-05
1136,9342,3,483,1187,483,15,0.17172593257387583,0.3913527427009085
1137,9342,67,483,100,483,15,0.35179877236514595,0.07820629251662871
1138,9342,67,483,941,483,15,0.1176527131651482,0.5497058370944103
1139,9342,67,483,1159,483,15,0.29149041138826376,0.14449039461727126
1140,9342,67,483,1187,483,15,0.5472704546154941,0.005888309981762494
1141,9342,100,483,941,483,15,0.2886465344922416,0.14543822848574345
1142,9342,100,483,1159,483,15,0.47959183673469385,0.017242533382042218
1143,9342,100,483,1187,483,15,0.3939594923753622,0.049247652340232845
1144,9342,941,371,941,467,13,0.6053155593629874,0.00469377842612781
1145,9342,941,371,1159,467,13,0.14765433214708534,0.4960725242297398
1146,9342,941,371,1187,371,13,0.27815179498365916,0.19598036054066525
1147,9342,941,371,1187,467,13,-0.039735970711951306,0.8534431940553564
1148,9342,941,467,1159,467,13,0.05299059169326955,0.805197276202259
1149,9342,941,467,1187,371,13,0.3529487152908014,0.09763385439534378
1150,9342,941,467,1187,467,13,0.2352991435272009,0.2694674968630738
1151,9342,941,483,1159,483,15,0.09953328775594539,0.6156590232283939
1152,9342,941,483,1187,483,15,0.19706585563285864,0.31777096594960075
1153,9342,1159,467,1187,371,13,0.1733487427953661,0.42198310001545003
1154,9342,1159,467,1187,467,13,0.13334518676566626,0.5367855238606187
1155,9342,1159,483,1187,483,15,0.09091372900969896,0.6499769910615261
1156,9342,1187,371,1187,467,13,0.32894736842105254,0.1244021425140326
1157,9343,3,467,7,467,12,0.28125,0.2128014050461977
1158,9343,3,467,82,467,12,0.6154574548966636,0.0058532450255740325
1159,9343,3,467,98,467,12,0.17054776006016165,0.4474815336196829
1160,9343,3,467,823,467,12,0.2945824946493701,0.18949598907657272
1161,9343,3,467,970,467,12,0.703125,0.0018410212585438996
1162,9343,3,471,7,471,12,0.542651963827787,0.015650137723377103
1163,9343,3,471,79,498,12,0.09375,0.6779224972168323
1164,9343,3,471,81,498,12,0.171875,0.44642843245127706
1165,9343,3,471,82,498,12,0.46875,0.037847854821619516
1166,9343,3,471,93,471,12,-0.06154574548966636,0.7828636615476965
1167,9343,3,471,93,498,12,-0.1875,0.40619993738328
1168,9343,3,471,98,471,12,-0.0625,0.7818826256238891
1169,9343,3,471,98,498,12,0.03125,0.8898980249638104
1170,9343,3,471,823,498,12,0.236227795630767,0.2972525856301047
1171,9343,3,471,970,471,12,0.24806946917841693,0.26920189512270376
1172,9343,3,471,970,498,12,0.21875,0.33252886987103303
1173,9343,3,471,1172,471,12,0.263573811002068,0.24041154098900808
1174,9343,3,471,1179,498,12,0.5625,0.012709815739543944
1175,9343,3,483,7,483,15,0.2929442379201411,0.1446936665136654
1176,9343,3,483,79,483,15,0.18003601080360127,0.36643746309666747
1177,9343,3,483,82,483,15,0.5374797538821051,0.006803301564717871
1178,9343,3,483,98,483,15,0.3000600180060021,0.1322526897255343
1179,9343,3,483,823,483,15,0.38195295285358705,0.05627122299746913
1180,9343,3,483,970,483,15,0.6363961030678927,0.0015181027619510146
1181,9343,3,483,1172,483,15,0.6903642243895957,0.000610429180671664
1182,9343,3,483,1179,483,15,0.13934660285832354,0.4829042783417593
1183,9343,7,467,82,467,12,0.12309149097933272,0.5815114852079422
1184,9343,7,467,98,467,12,-0.031008683647302117,0.8901512726934542
1185,9343,7,467,823,467,12,0.04651302547095317,0.835877724639172
1186,9343,7,467,970,467,12,0.21875,0.33252886987103303
1187,9343,7,471,79,498,12,0.3255911782966722,0.14700711485878207
1188,9343,7,471,81,498,12,0.2945824946493701,0.18949598907657272
1189,9343,7,471,82,498,12,0.263573811002068,0.24041154098900808
1190,9343,7,471,93,471,12,0.04580286124143444,0.8366323297132776
1191,9343,7,471,93,498,12,-0.015504341823651058,0.9449447273584611
1192,9343,7,471,98,471,12,0.279078152825719,0.21386224451487768
1193,9343,7,471,98,498,12,0.07752170911825529,0.7298823843615496
1194,9343,7,471,823,498,12,0.1250152615835988,0.5791411995351003
1195,9343,7,471,970,471,12,0.27692307692307694,0.2149360131124276
1196,9343,7,471,970,498,12,0.2945824946493701,0.18949598907657272
1197,9343,7,471,1172,471,12,0.06153846153846155,0.7828712738733344
1198,9343,7,471,1179,498,12,0.4186172292385786,0.06224832976035962
1199,9343,7,483,79,483,15,0.16832508230603463,0.39560618994418895
1200,9343,7,483,82,483,15,0.28574549066764504,0.1477799911487952
1201,9343,7,483,98,483,15,0.12871918058696769,0.5159419491448742
1202,9343,7,483,823,483,15,0.21890818184619765,0.2710466872255325
1203,9343,7,483,970,483,15,0.48,0.01611456117691334
1204,9343,7,483,1172,483,15,0.2412090756622109,0.22835863810612522
1205,9343,7,483,1179,483,15,0.25618561232271625,0.19439567885589193
1206,9343,79,483,82,483,15,0.1756118454835239,0.37014072677483845
1207,9343,79,483,98,483,15,0.29411764705882354,0.13478797557661326
1208,9343,79,483,823,483,15,0.44335513307557556,0.0247078776408849
1209,9343,79,483,970,483,15,0.30694573832276906,0.1210529316342568
1210,9343,79,483,1172,483,15,0.38810293211724595,0.05083875533954727
1211,9343,79,483,1179,483,15,0.8390343728657254,1.853115645672877e-05
1212,9343,79,498,81,498,12,0.53125,0.018604354576073075
1213,9343,79,498,82,498,12,0.28125,0.2128014050461977
1214,9343,79,498,93,471,12,0.24618298195866545,0.27030671110392157
1215,9343,79,498,93,498,12,0.109375,0.628019460647687
1216,9343,79,498,98,471,12,0.15625,0.48883294944661115
1217,9343,79,498,98,498,12,0.1875,0.40619993738328
1218,9343,79,498,823,498,12,-0.1732337167958958,0.44463783256195044
1219,9343,79,498,970,471,12,0.2945824946493701,0.18949598907657272
1220,9343,79,498,970,498,12,-0.03125,0.8898980249638104
1221,9343,79,498,1172,471,12,0.17054776006016165,0.4474815336196829
1222,9343,79,498,1179,498,12,0.28125,0.2128014050461977
1223,9343,81,471,823,471,11,0.36698792170878686,0.11834981273562825
1224,9343,81,498,82,498,12,-0.125,0.5797616035681199
1225,9343,81,498,93,471,12,0.03077287274483318,0.8904027809514472
1226,9343,81,498,93,498,12,0.3125,0.1662566850453281
1227,9343,81,498,98,471,12,0.3125,0.1662566850453281
1228,9343,81,498,98,498,12,0.3125,0.1662566850453281
1229,9343,81,498,823,498,12,0.2677248350482026,0.2374747097929253
1230,9343,81,498,970,471,12,0.7131997238879487,0.0014901532666585443
1231,9343,81,498,970,498,12,0.21875,0.33252886987103303
1232,9343,81,498,1172,471,12,0.1395390764128595,0.5342657064454457
1233,9343,81,498,1179,498,12,0.21875,0.33252886987103303
1234,9343,82,467,98,467,12,0.19847906537954926,0.37156462722472605
1235,9343,82,467,823,467,12,0.2900847878624182,0.19156872709346595
1236,9343,82,467,970,467,12,0.4923659639173309,0.027474239016943514
1237,9343,82,483,98,483,15,0.3804923318809685,0.052162784336471806
1238,9343,82,483,823,483,15,0.4411976743693058,0.02488046062385464
1239,9343,82,483,970,483,15,0.43354488239228905,0.02795568049014659
1240,9343,82,483,1172,483,15,0.5050495243689607,0.01075072834535384
1241,9343,82,483,1179,483,15,0.2038834951456311,0.2963424027149758
1242,9343,82,498,93,471,12,0.12309149097933272,0.5815114852079422
1243,9343,82,498,93,498,12,-0.0625,0.7818826256238891
1244,9343,82,498,98,471,12,-0.1875,0.40619993738328
1245,9343,82,498,98,498,12,-0.09375,0.6779224972168323
1246,9343,82,498,823,498,12,-0.2677248350482026,0.2374747097929253
1247,9343,82,498,970,471,12,-0.10853039276555741,0.628815448820621
1248,9343,82,498,970,498,12,-0.03125,0.8898980249638104
1249,9343,82,498,1172,471,12,0.263573811002068,0.24041154098900808
1250,9343,82,498,1179,498,12,0.46875,0.037847854821619516
1251,9343,93,471,93,498,12,0.06154574548966636,0.7828636615476965
1252,9343,93,471,98,471,12,0.24618298195866545,0.27030671110392157
1253,9343,93,471,98,498,12,0.43082021842766455,0.05371548370555843
1254,9343,93,471,823,498,12,-0.015508070173307846,0.944853151135727
1255,9343,93,471,970,471,12,0.0763381020690574,0.7310931976144446
1256,9343,93,471,970,498,12,0.03077287274483318,0.8904027809514472
1257,9343,93,471,1172,471,12,0.38169051034528706,0.08573124655875584
1258,9343,93,471,1179,498,12,0.40004734568283135,0.0732404625356493
1259,9343,93,498,98,471,12,0.34375,0.1278173379471354
1260,9343,93,498,98,498,12,0.46875,0.037847854821619516
1261,9343,93,498,823,498,12,0.0472455591261534,0.8348630647776182
1262,9343,93,498,970,471,12,0.4186172292385786,0.06224832976035962
1263,9343,93,498,970,498,12,0.28125,0.2128014050461977
1264,9343,93,498,1172,471,12,0.1395390764128595,0.5342657064454457
1265,9343,93,498,1179,498,12,-0.0625,0.7818826256238891
1266,9343,98,467,823,467,12,0.5846153846153846,0.008844614017178907
1267,9343,98,467,970,467,12,-0.10853039276555741,0.628815448820621
1268,9343,98,471,98,498,12,0.5625,0.012709815739543944
1269,9343,98,471,823,498,12,0.5354496700964052,0.018145060732712204
1270,9343,98,471,970,471,12,0.4806345965331828,0.032294337726940396
1271,9343,98,471,970,498,12,0.53125,0.018604354576073075
1272,9343,98,471,1172,471,12,0.015504341823651058,0.9449447273584611
1273,9343,98,471,1179,498,12,0.0625,0.7818826256238891
1274,9343,98,483,823,483,15,0.6502541951775108,0.0009875678134361405
1275,9343,98,483,970,483,15,0.04950737714883372,0.8025413006117578
1276,9343,98,483,1172,483,15,0.36820021764969485,0.06392640652652584
1277,9343,98,483,1179,483,15,0.16585563184555036,0.39731828481019293
1278,9343,98,498,823,498,12,0.4252100321353806,0.06062538181486971
1279,9343,98,498,970,471,12,0.542651963827787,0.015650137723377103
1280,9343,98,498,970,498,12,0.46875,0.037847854821619516
1281,9343,98,498,1172,471,12,0.46513025470953173,0.03829417903029063
1282,9343,98,498,1179,498,12,0.140625,0.5333176433746007
1283,9343,823,467,970,467,12,0.10853039276555741,0.628815448820621
1284,9343,823,483,970,483,15,0.368163760377696,0.06393275118541054
1285,9343,823,483,1172,483,15,0.5100255019126594,0.010565951733632816
1286,9343,823,483,1179,483,15,0.39217571055049405,0.046151697239341795
1287,9343,823,498,970,471,12,0.5000610463343951,0.026516783317790414
1288,9343,823,498,970,498,12,0.4252100321353806,0.06062538181486971
1289,9343,823,498,1172,471,12,0.06250763079179938,0.7815345587310081
1290,9343,823,498,1179,498,12,0.11023963796102461,0.6266645707059216
1291,9343,970,471,970,498,12,0.5116432801804849,0.02267532111097109
1292,9343,970,471,1172,471,12,0.21538461538461542,0.3347816477470794
1293,9343,970,471,1179,498,12,0.1395390764128595,0.5342657064454457
1294,9343,970,483,1172,483,15,0.6030226891555273,0.002578101650296518
1295,9343,970,483,1179,483,15,0.3054520762309309,0.1214957273078797
1296,9343,970,498,1172,471,12,0.1395390764128595,0.5342657064454457
1297,9343,970,498,1179,498,12,0.1875,0.40619993738328
1298,9343,1172,471,1179,498,12,0.49613893835683387,0.027118716544582568
1299,9343,1172,483,1179,483,15,0.2574762281096662,0.19347894917326403
1300,9344,3,483,81,483,13,0.4079300508750567,0.05673131198369852
1301,9344,61,498,98,498,11,0.3333333333333333,0.15860164569939683
1302,11895,82,483,97,483,11,0.574074074074074,0.015183516079867024
1303,11895,82,483,98,483,11,0.4629629629629629,0.050225093594061535
1304,11895,82,483,970,483,11,0.8440722199302099,0.0003281542287518694
1305,11895,82,483,1172,483,11,0.611111111111111,0.009748769196793116
1306,11895,97,483,98,483,11,0.8888888888888888,0.0001702937757795166
1307,11895,97,483,970,483,11,0.7339758434175737,0.0017872890369872653
1308,11895,97,483,1172,483,11,0.7592592592592592,0.0013218707803182444
1309,11895,97,498,98,498,10,0.9999999999999999,5.511463844797178e-07
1310,11895,98,483,970,483,11,0.6238794669049377,0.007931923532795268
1311,11895,98,483,1172,483,11,0.6851851851851851,0.00375667898932438
1312,11895,970,483,1172,483,11,0.7706746355884524,0.0010393630991335228
1313,11896,3,483,100,483,12,0.6511823565933444,0.0037272392778565
1314,11896,3,483,941,483,12,0.328125,0.14607136780210123
1315,11896,3,483,1177,483,12,0.359375,0.11138868010980701
1316,11896,3,498,100,498,10,0.5555555555555555,0.02860945767195767
1317,11896,3,498,1187,498,10,0.6,0.016666115520282188
1318,11896,100,483,941,483,12,0.558156305651438,0.012917695429948382
1319,11896,100,483,1177,483,12,0.12403473458920847,0.5806392701595806
1320,11896,100,498,1187,498,10,0.8666666666666666,0.00011518959435626102
1321,11896,941,483,1177,483,12,0.515625,0.02236280343720945
1322,11897,3,483,82,483,12,0.9076923076923078,4.807501627297362e-05
1323,11899,3,471,3,498,11,0.8148148148148148,0.0005686266662584609
1324,11899,3,471,60,471,11,0.5137830903923016,0.028783965875738365
1325,11899,3,471,1181,471,11,0.5137830903923016,0.028783965875738365
1326,11899,3,483,60,483,12,0.703125,0.0018410212585438996
1327,11899,3,498,60,471,11,0.3302891295379082,0.15985367483762747
1328,11899,3,498,1181,471,11,0.3302891295379082,0.15985367483762747
1329,11899,60,471,1181,471,11,0.7454545454545454,0.000759529822029822
1330,11999,28,516,82,498,11,0.2037037037037037,0.3889415559011339
1331,12002,941,483,1159,483,12,0.7272727272727272,0.0004988835110362888
1332,12002,941,483,1177,483,12,0.19847906537954926,0.37156462722472605
1333,12002,941,498,1177,498,11,0.3302891295379082,0.15985367483762747
1334,12002,941,498,1212,498,11,0.09259259259259259,0.6953475917180929
1335,12002,1159,467,1177,467,11,0.35185185185185186,0.13672139581546566
1336,12002,1159,467,1212,371,11,-0.38888888888888884,0.10002030109766274
1337,12002,1159,483,1177,483,12,0.10687334289668038,0.6304167324095717
1338,12002,1177,467,1212,371,11,-0.2037037037037037,0.3889415559011339
1339,12002,1177,498,1212,498,11,0.4403855060505442,0.06091869077971648
1340,12003,3,467,12,467,11,0.4629629629629629,0.050225093594061535
1341,12003,3,467,82,467,11,0.5504818825631803,0.019149571500766138
1342,12003,3,467,98,371,11,0.24074074074074073,0.30859156695990897
1343,12003,3,471,3,483,12,-0.4186172292385786,0.06224832976035962
1344,12003,3,471,3,498,12,0.4186172292385786,0.06224832976035962
1345,12003,3,471,12,498,12,0.06153846153846155,0.7828712738733344
1346,12003,3,471,82,471,12,0.5954371961386479,0.007348168541887418
1347,12003,3,471,82,483,12,-0.43076923076923085,0.05372409400944438
1348,12003,3,471,82,498,12,0.2945824946493701,0.18949598907657272
1349,12003,3,471,98,483,12,-0.04651302547095317,0.835877724639172
1350,12003,3,471,98,498,12,0.1230769230769231,0.5815250706115811
1351,12003,3,483,3,498,12,-0.40625,0.07191873745157822
1352,12003,3,483,12,498,12,-0.1395390764128595,0.5342657064454457
1353,12003,3,483,82,471,12,-0.21541010921383227,0.3347642675428819
1354,12003,3,483,82,483,12,0.542651963827787,0.015650137723377103
1355,12003,3,483,82,498,12,-0.34375,0.1278173379471354
1356,12003,3,483,98,483,12,0.09375,0.6779224972168323
1357,12003,3,483,98,498,12,-0.015504341823651058,0.9449447273584611
1358,12003,3,498,12,498,12,0.3721042037676254,0.0974480154529693
1359,12003,3,498,82,471,12,0.40004734568283135,0.0732404625356493
1360,12003,3,498,82,483,12,-0.5736606474750892,0.010616134170032876
1361,12003,3,498,82,498,12,0.671875,0.0029173527829557586
1362,12003,3,498,98,483,12,-0.21875,0.33252886987103303
1363,12003,3,498,98,498,12,0.558156305651438,0.012917695429948382
1364,12003,12,467,82,467,11,0.4403855060505442,0.06091869077971648
1365,12003,12,467,98,371,11,0.537037037037037,0.02312709126458077
1366,12003,12,498,82,471,12,0.015267620413811482,0.9452010837327357
1367,12003,12,498,82,483,12,-0.27692307692307694,0.2149360131124276
1368,12003,12,498,82,498,12,0.31008683647302115,0.16723961904273732
1369,12003,12,498,98,483,12,-0.1395390764128595,0.5342657064454457
1370,12003,12,498,98,498,12,0.015384615384615387,0.9450733542197679
1371,12003,82,467,98,371,11,0.18349396085439343,0.43487965849578336
1372,12003,82,471,82,483,12,-0.3511552695176641,0.11390323413538203
1373,12003,82,471,82,498,12,0.3077287274483318,0.168220073327342
1374,12003,82,471,98,483,12,-0.27695585470349865,0.2149195213707229
1375,12003,82,471,98,498,12,0.0763381020690574,0.7310931976144446
1376,12003,82,483,82,498,12,-0.263573811002068,0.24041154098900808
1377,12003,82,483,98,483,12,0.35659986194397436,0.11221915991523661
1378,12003,82,483,98,498,12,-0.36923076923076925,0.09823416806457871
1379,12003,82,498,98,483,12,-0.0625,0.7818826256238891
1380,12003,82,498,98,498,12,0.24806946917841693,0.26920189512270376
1381,12003,98,483,98,498,12,-0.015504341823651058,0.9449447273584611
1382,17582,3,483,61,483,11,0.6296296296296295,0.00774619116893656
1383,17582,3,483,82,483,11,0.24074074074074073,0.30859156695990897
1384,17582,3,483,1212,483,11,0.2037037037037037,0.3889415559011339
1385,17582,3,500,61,467,10,0.1111111111111111,0.7274895282186948
1386,17582,3,500,82,467,10,0.1111111111111111,0.7274895282186948
1387,17582,3,500,1212,467,10,0.022222222222222223,1.0
1388,17582,61,467,82,467,10,0.5555555555555555,0.02860945767195767
1389,17582,61,467,1212,467,10,0.022222222222222223,1.0
1390,17582,61,483,82,483,11,0.4629629629629629,0.050225093594061535
1391,17582,61,483,1212,483,11,0.537037037037037,0.02312709126458077
1392,17582,82,467,1212,467,10,0.022222222222222223,1.0
1393,17582,82,483,1212,483,11,0.2777777777777778,0.24006467448149127
